type,date time,latitude,longitude,accuracy(m),altitude(m),geoid_height(m),speed(m/s),bearing(deg),sat_used,sat_inview,name,desc
T,2021-10-09 06:58:28,47.67575439,17.64686678,4,118.792,44.190,0.000,,17,23,20211009-085828,GPS Logger: 20211009-085828
T,2021-10-09 06:58:29,47.67575448,17.64686669,4,118.825,44.190,0.000,,17,23,,
T,2021-10-09 06:58:30,47.67575443,17.64686668,4,118.837,44.190,0.000,,15,22,,
T,2021-10-09 06:58:31,47.67574850,17.64686692,4,119.571,44.190,0.560,172,17,23,,
T,2021-10-09 06:58:32,47.67573350,17.64687287,4,118.830,44.190,1.550,161,17,23,,
T,2021-10-09 06:58:33,47.67571853,17.64688538,4,118.894,44.190,1.660,152,17,23,,
T,2021-10-09 06:58:34,47.67570300,17.64689906,4,119.884,44.190,1.680,154,17,23,,
T,2021-10-09 06:58:35,47.67569007,17.64690681,4,120.480,44.190,1.250,167,17,23,,
T,2021-10-09 06:58:36,47.67567422,17.64691313,4,121.016,44.190,1.720,167,19,23,,
T,2021-10-09 06:58:37,47.67565848,17.64691844,4,120.943,44.190,1.570,168,18,23,,
T,2021-10-09 06:58:38,47.67564540,17.64692259,4,120.609,44.190,1.520,167,19,23,,
T,2021-10-09 06:58:39,47.67563289,17.64692947,4,121.349,44.190,1.480,158,19,23,,
T,2021-10-09 06:58:40,47.67561870,17.64693744,4,122.351,44.190,1.510,166,19,23,,
T,2021-10-09 06:58:41,47.67560340,17.64694562,4,122.227,44.190,1.630,161,19,23,,
T,2021-10-09 06:58:42,47.67559292,17.64695385,4,123.323,44.190,1.100,159,18,23,,
T,2021-10-09 06:58:43,47.67558283,17.64696015,4,124.495,44.190,1.510,167,17,23,,
T,2021-10-09 06:58:44,47.67557173,17.64696570,4,124.528,44.190,1.180,169,14,23,,
T,2021-10-09 06:58:45,47.67555578,17.64697343,4,124.001,44.190,1.730,163,14,23,,
T,2021-10-09 06:58:46,47.67553902,17.64698554,4,123.918,44.190,1.770,155,15,23,,
T,2021-10-09 06:58:47,47.67552287,17.64699784,4,123.131,44.190,1.780,155,16,23,,
T,2021-10-09 06:58:48,47.67550709,17.64700700,4,123.707,44.190,1.790,161,16,23,,
T,2021-10-09 06:58:49,47.67549049,17.64701124,4,124.005,44.190,1.780,168,16,23,,
T,2021-10-09 06:58:50,47.67547274,17.64701646,4,124.374,44.191,1.840,164,16,23,,
T,2021-10-09 06:58:51,47.67545781,17.64702463,4,123.971,44.191,1.690,156,16,23,,
T,2021-10-09 06:58:52,47.67544315,17.64703399,4,124.028,44.191,1.690,158,15,23,,
T,2021-10-09 06:58:53,47.67543068,17.64704655,4,124.516,44.191,1.680,150,13,22,,
T,2021-10-09 06:58:54,47.67541720,17.64705829,4,124.551,44.191,1.690,157,14,23,,
T,2021-10-09 06:58:55,47.67540098,17.64706570,4,124.763,44.191,1.880,162,14,23,,
T,2021-10-09 06:58:56,47.67538519,17.64707472,4,124.481,44.191,1.840,158,14,23,,
T,2021-10-09 06:58:57,47.67536969,17.64708528,4,124.747,44.191,1.840,157,16,23,,
T,2021-10-09 06:58:58,47.67535484,17.64709514,4,124.451,44.191,1.770,156,15,23,,
T,2021-10-09 06:58:59,47.67533992,17.64710437,4,124.600,44.191,1.760,156,16,23,,
T,2021-10-09 06:59:00,47.67532388,17.64711412,4,124.799,44.191,1.760,155,16,23,,
T,2021-10-09 06:59:01,47.67530946,17.64712397,4,124.819,44.191,1.720,154,16,23,,
T,2021-10-09 06:59:02,47.67529517,17.64713123,4,124.897,44.191,1.670,160,16,23,,
T,2021-10-09 06:59:03,47.67528022,17.64713753,4,125.359,44.191,1.670,160,16,23,,
T,2021-10-09 06:59:04,47.67526582,17.64714528,4,125.115,44.191,1.590,157,16,23,,
T,2021-10-09 06:59:05,47.67525117,17.64715358,4,125.888,44.191,1.670,158,15,23,,
T,2021-10-09 06:59:06,47.67523629,17.64716229,4,126.017,44.191,1.670,157,15,22,,
T,2021-10-09 06:59:07,47.67522175,17.64717242,4,125.585,44.191,1.670,155,14,22,,
T,2021-10-09 06:59:08,47.67520731,17.64718249,4,125.313,44.191,1.660,155,14,22,,
T,2021-10-09 06:59:09,47.67519223,17.64719028,4,125.510,44.191,1.630,163,14,22,,
T,2021-10-09 06:59:10,47.67517725,17.64719663,4,125.670,44.191,1.620,161,14,22,,
T,2021-10-09 06:59:11,47.67516371,17.64720442,4,125.283,44.191,1.620,158,14,22,,
T,2021-10-09 06:59:12,47.67515084,17.64721436,4,125.398,44.191,1.620,151,16,22,,
T,2021-10-09 06:59:13,47.67514095,17.64722978,4,125.187,44.191,1.530,132,17,22,,
T,2021-10-09 06:59:14,47.67513859,17.64724720,4,125.325,44.191,1.460,100,17,22,,
T,2021-10-09 06:59:15,47.67514258,17.64726153,4,124.358,44.191,0.910,71,17,22,,
T,2021-10-09 06:59:16,47.67514745,17.64727590,4,122.788,44.191,1.170,75,17,22,,
T,2021-10-09 06:59:17,47.67515412,17.64728824,4,121.830,44.191,1.030,55,17,22,,
T,2021-10-09 06:59:18,47.67516141,17.64730076,4,121.142,44.191,1.400,55,17,22,,
T,2021-10-09 06:59:19,47.67516525,17.64732091,4,119.116,44.191,1.570,82,17,22,,
T,2021-10-09 06:59:20,47.67516645,17.64734272,4,119.605,44.191,1.680,81,17,22,,
T,2021-10-09 06:59:21,47.67517136,17.64736506,4,119.921,44.191,1.620,75,16,22,,
T,2021-10-09 06:59:22,47.67517786,17.64738491,4,120.672,44.191,1.680,66,15,22,,
T,2021-10-09 06:59:23,47.67518429,17.64740333,4,121.357,44.191,1.500,64,16,22,,
T,2021-10-09 06:59:24,47.67519083,17.64742197,4,119.008,44.191,1.440,67,16,22,,
T,2021-10-09 06:59:25,47.67519696,17.64743704,4,117.780,44.191,1.500,63,16,22,,
T,2021-10-09 06:59:26,47.67520421,17.64745296,4,119.057,44.191,1.490,59,16,22,,
T,2021-10-09 06:59:27,47.67521099,17.64746631,4,117.514,44.191,1.470,61,16,21,,
T,2021-10-09 06:59:28,47.67521552,17.64747851,4,117.197,44.191,1.530,64,16,21,,
T,2021-10-09 06:59:29,47.67521942,17.64749608,4,115.704,44.191,1.520,67,16,22,,
T,2021-10-09 06:59:30,47.67522497,17.64750761,4,114.342,44.191,1.420,36,15,22,,
T,2021-10-09 06:59:31,47.67523140,17.64751973,4,113.729,44.191,1.430,47,15,22,,
T,2021-10-09 06:59:32,47.67523807,17.64753414,4,113.155,44.191,1.480,46,15,23,,
T,2021-10-09 06:59:33,47.67524394,17.64754763,4,112.661,44.191,1.310,41,15,23,,
T,2021-10-09 06:59:34,47.67524953,17.64756061,4,111.689,44.191,1.220,41,15,23,,
T,2021-10-09 06:59:35,47.67525657,17.64757553,5,111.188,44.191,1.270,44,15,22,,
T,2021-10-09 06:59:36,47.67526279,17.64759176,5,110.942,44.191,1.260,44,14,21,,
T,2021-10-09 06:59:37,47.67527005,17.64760949,6,110.314,44.191,1.310,44,14,22,,
T,2021-10-09 06:59:38,47.67527226,17.64763846,6,110.265,44.191,1.650,67,16,22,,
T,2021-10-09 06:59:39,47.67527493,17.64766618,6,110.067,44.191,1.560,63,16,22,,
T,2021-10-09 06:59:40,47.67528506,17.64768776,6,108.665,44.191,1.480,36,14,22,,
T,2021-10-09 06:59:41,47.67529714,17.64770605,6,108.444,44.191,1.440,31,15,22,,
T,2021-10-09 06:59:42,47.67530509,17.64772243,5,107.767,44.191,1.290,29,15,22,,
T,2021-10-09 06:59:43,47.67531025,17.64773794,5,107.587,44.191,0.990,28,15,22,,
T,2021-10-09 06:59:44,47.67531342,17.64775176,5,108.322,44.191,0.840,30,15,22,,
T,2021-10-09 06:59:45,47.67531849,17.64777611,5,108.312,44.191,1.590,54,15,22,,
T,2021-10-09 06:59:46,47.67532121,17.64780131,5,109.270,44.191,1.340,54,16,22,,
T,2021-10-09 06:59:47,47.67532538,17.64782345,5,109.602,44.191,1.220,42,15,22,,
T,2021-10-09 06:59:48,47.67533010,17.64784400,5,108.546,44.191,1.140,52,15,22,,
T,2021-10-09 06:59:49,47.67533369,17.64786561,5,109.227,44.191,1.110,61,15,21,,
T,2021-10-09 06:59:50,47.67533827,17.64787996,5,108.912,44.191,1.420,50,16,22,,
T,2021-10-09 06:59:51,47.67535643,17.64789087,4,116.344,44.191,1.730,21,16,22,,
T,2021-10-09 06:59:52,47.67537531,17.64789313,4,115.480,44.191,1.610,359,16,22,,
T,2021-10-09 06:59:53,47.67539282,17.64788861,4,115.420,44.191,1.550,347,16,22,,
T,2021-10-09 06:59:54,47.67540852,17.64788133,4,114.550,44.191,1.640,341,15,22,,
T,2021-10-09 06:59:55,47.67542404,17.64787557,4,114.398,44.191,1.620,346,14,22,,
T,2021-10-09 06:59:56,47.67544052,17.64787530,4,114.749,44.191,1.630,358,13,22,,
T,2021-10-09 06:59:57,47.67545755,17.64788062,4,114.866,44.191,1.640,8,14,22,,
T,2021-10-09 06:59:58,47.67547461,17.64789027,5,114.931,44.191,1.650,17,13,22,,
T,2021-10-09 06:59:59,47.67549106,17.64790552,6,114.939,44.190,1.650,27,12,22,,
T,2021-10-09 07:00:00,47.67550650,17.64791676,5,113.755,44.190,1.650,25,11,22,,
T,2021-10-09 07:00:01,47.67552156,17.64793077,6,112.874,44.190,1.700,39,10,22,,
T,2021-10-09 07:00:02,47.67553253,17.64794879,6,112.400,44.190,1.690,52,10,21,,
T,2021-10-09 07:00:03,47.67554788,17.64796049,6,110.666,44.190,1.950,32,10,21,,
T,2021-10-09 07:00:04,47.67556300,17.64796734,7,110.449,44.190,1.680,30,11,21,,
T,2021-10-09 07:00:05,47.67557671,17.64797352,7,109.023,44.190,1.660,28,12,21,,
T,2021-10-09 07:00:06,47.67559016,17.64798021,8,108.459,44.190,1.660,32,12,21,,
T,2021-10-09 07:00:07,47.67560358,17.64799035,8,107.416,44.190,1.670,42,12,21,,
T,2021-10-09 07:00:08,47.67561521,17.64800169,8,105.935,44.190,1.650,44,12,21,,
T,2021-10-09 07:00:09,47.67562748,17.64801210,9,104.950,44.190,1.650,43,12,21,,
T,2021-10-09 07:00:10,47.67564111,17.64801981,9,105.000,44.190,1.650,39,12,21,,
T,2021-10-09 07:00:11,47.67565379,17.64802855,9,105.312,44.190,1.650,38,12,21,,
T,2021-10-09 07:00:12,47.67566879,17.64803285,8,105.076,44.190,1.660,27,12,21,,
T,2021-10-09 07:00:13,47.67567966,17.64801897,9,105.956,44.190,1.540,348,12,21,,
T,2021-10-09 07:00:14,47.67568950,17.64800444,9,105.520,44.190,1.500,353,12,21,,
T,2021-10-09 07:00:15,47.67570014,17.64799882,8,104.640,44.190,1.160,16,12,21,,
T,2021-10-09 07:00:16,47.67571021,17.64799206,8,103.279,44.190,1.480,7,12,19,,
T,2021-10-09 07:00:17,47.67571601,17.64797242,8,103.152,44.190,0.850,323,12,18,,
T,2021-10-09 07:00:18,47.67571996,17.64794753,9,102.994,44.190,1.530,320,12,18,,
T,2021-10-09 07:00:19,47.67572707,17.64792331,8,103.319,44.190,1.480,328,13,18,,
T,2021-10-09 07:00:20,47.67573341,17.64790881,8,101.936,44.190,1.610,0,13,18,,
T,2021-10-09 07:00:21,47.67574207,17.64789382,9,102.379,44.190,1.530,353,13,17,,
T,2021-10-09 07:00:22,47.67574949,17.64786961,9,101.921,44.190,1.550,320,13,17,,
T,2021-10-09 07:00:23,47.67575392,17.64784173,8,101.088,44.190,1.500,309,13,17,,
T,2021-10-09 07:00:24,47.67575933,17.64782157,8,99.592,44.190,1.240,312,13,17,,
T,2021-10-09 07:00:25,47.67576932,17.64780523,8,99.556,44.190,1.500,338,13,17,,
T,2021-10-09 07:00:26,47.67577508,17.64778480,7,99.339,44.190,1.290,307,13,17,,
T,2021-10-09 07:00:27,47.67577600,17.64775765,7,99.209,44.190,1.390,281,13,18,,
T,2021-10-09 07:00:28,47.67577681,17.64773267,6,99.252,44.190,1.020,279,12,18,,
T,2021-10-09 07:00:29,47.67577749,17.64770334,6,99.527,44.190,1.150,285,11,18,,
T,2021-10-09 07:00:30,47.67578081,17.64767395,6,99.595,44.190,1.420,298,11,18,,
T,2021-10-09 07:00:31,47.67578473,17.64764837,6,100.051,44.190,1.430,300,11,18,,
T,2021-10-09 07:00:32,47.67578592,17.64761832,6,100.365,44.190,1.490,284,11,19,,
T,2021-10-09 07:00:33,47.67578515,17.64759235,6,99.633,44.190,1.190,280,11,19,,
T,2021-10-09 07:00:34,47.67578548,17.64756577,6,99.829,44.190,1.200,287,11,19,,
T,2021-10-09 07:00:35,47.67578721,17.64754691,6,99.938,44.190,1.560,306,11,19,,
T,2021-10-09 07:00:36,47.67578675,17.64752174,6,99.503,44.190,1.480,281,12,18,,
T,2021-10-09 07:00:37,47.67578314,17.64749887,7,99.766,44.190,1.460,266,12,18,,
T,2021-10-09 07:00:38,47.67578452,17.64747533,7,99.491,44.190,1.440,291,12,18,,
T,2021-10-09 07:00:39,47.67579141,17.64745953,7,99.514,44.190,1.120,313,12,17,,
T,2021-10-09 07:00:40,47.67579600,17.64743555,6,99.610,44.190,1.540,286,12,17,,
T,2021-10-09 07:00:41,47.67579997,17.64741265,6,99.834,44.190,1.450,299,12,17,,
T,2021-10-09 07:00:42,47.67580637,17.64739309,6,99.676,44.190,1.440,311,12,17,,
T,2021-10-09 07:00:43,47.67581282,17.64737443,7,99.198,44.190,1.460,317,12,18,,
T,2021-10-09 07:00:44,47.67582008,17.64735514,7,99.910,44.190,1.250,323,12,18,,
T,2021-10-09 07:00:45,47.67582223,17.64732754,7,100.847,44.190,1.500,289,12,18,,
T,2021-10-09 07:00:46,47.67581872,17.64729863,7,100.629,44.190,1.310,272,12,18,,
T,2021-10-09 07:00:47,47.67581352,17.64727039,8,101.453,44.190,1.280,265,12,18,,
T,2021-10-09 07:00:48,47.67581036,17.64724307,8,101.258,44.190,1.430,282,12,18,,
T,2021-10-09 07:00:49,47.67580884,17.64721577,8,101.454,44.190,1.160,289,12,18,,
T,2021-10-09 07:00:50,47.67580411,17.64718731,9,101.746,44.190,1.250,274,12,18,,
T,2021-10-09 07:00:51,47.67579949,17.64715808,8,102.225,44.190,1.270,276,12,17,,
T,2021-10-09 07:00:52,47.67579684,17.64712908,8,102.730,44.190,1.180,286,13,17,,
T,2021-10-09 07:00:53,47.67579514,17.64710123,8,102.891,44.190,1.110,284,15,18,,
T,2021-10-09 07:00:54,47.67579671,17.64707619,8,103.181,44.190,1.460,305,15,18,,
T,2021-10-09 07:00:55,47.67579702,17.64704912,7,104.176,44.190,1.440,286,15,18,,
T,2021-10-09 07:00:56,47.67579032,17.64702546,7,104.885,44.190,1.500,259,15,19,,
