type,date time,latitude,longitude,accuracy(m),altitude(m),geoid_height(m),speed(m/s),bearing(deg),sat_used,sat_inview,name,desc
T,2022-02-09 08:01:08,47.58575984,18.39258400,10,178.957,44.372,0.470,216,8,12,,
T,2022-02-09 08:01:09,47.58572579,18.39261907,10,180.565,44.372,0.000,,9,12,,
T,2022-02-09 08:01:10,47.58571901,18.39262520,10,179.412,44.372,0.000,,9,12,,
T,2022-02-09 08:01:11,47.58572236,18.39262558,9,178.889,44.372,0.000,,10,12,,
T,2022-02-09 08:01:12,47.58572595,18.39262508,9,178.492,44.372,0.000,,12,12,,
T,2022-02-09 08:01:13,47.58572399,18.39261605,9,177.837,44.372,0.000,,12,12,,
T,2022-02-09 08:01:14,47.58572010,18.39261240,9,177.607,44.372,0.000,,12,12,,
T,2022-02-09 08:01:15,47.58571961,18.39261311,8,177.397,44.372,0.000,,11,12,,
T,2022-02-09 08:01:16,47.58572106,18.39261460,8,175.365,44.372,0.000,,12,12,,
T,2022-02-09 08:01:17,47.58572231,18.39261395,8,174.974,44.372,0.000,,12,12,,
T,2022-02-09 08:01:18,47.58572225,18.39261780,8,174.362,44.372,0.000,,12,12,,
T,2022-02-09 08:01:19,47.58572485,18.39262122,8,174.491,44.372,0.000,,11,12,,
T,2022-02-09 08:01:20,47.58572652,18.39261712,8,175.398,44.372,0.000,,11,12,,
T,2022-02-09 08:01:21,47.58572470,18.39262158,8,174.367,44.372,0.000,,12,12,,
T,2022-02-09 08:01:22,47.58572514,18.39262855,8,173.364,44.372,0.000,,12,12,,
T,2022-02-09 08:01:23,47.58572717,18.39263445,7,172.978,44.372,0.000,,12,12,,
T,2022-02-09 08:01:24,47.58572865,18.39264066,7,173.077,44.372,0.000,,12,12,,
T,2022-02-09 08:01:25,47.58572645,18.39264290,7,172.587,44.372,0.000,,12,12,,
T,2022-02-09 08:01:26,47.58571898,18.39265039,7,172.737,44.372,0.000,,12,13,,
T,2022-02-09 08:01:27,47.58571578,18.39265517,8,172.691,44.372,0.000,,12,13,,
T,2022-02-09 08:01:28,47.58571526,18.39265336,7,174.034,44.372,0.000,,12,13,,
T,2022-02-09 08:01:29,47.58571371,18.39265257,12,173.963,44.372,0.000,,12,13,,
T,2022-02-09 08:01:30,47.58571225,18.39265418,12,175.705,44.372,0.000,,11,13,,
T,2022-02-09 08:01:31,47.58571189,18.39265458,12,175.699,44.372,0.000,,11,13,,
T,2022-02-09 08:01:32,47.58571256,18.39265576,12,175.666,44.372,0.000,,11,13,,
T,2022-02-09 08:01:33,47.58571212,18.39265487,12,175.579,44.372,0.000,,11,13,,
T,2022-02-09 08:01:34,47.58571242,18.39265435,12,175.528,44.372,0.000,,11,13,,
T,2022-02-09 08:01:35,47.58571194,18.39265289,11,175.521,44.372,0.000,,12,13,,
T,2022-02-09 08:01:36,47.58570914,18.39264726,11,175.814,44.372,0.000,,12,13,,
T,2022-02-09 08:01:37,47.58570827,18.39264547,11,175.846,44.372,0.000,,12,13,,
T,2022-02-09 08:01:38,47.58570930,18.39264618,11,174.875,44.372,0.000,,12,13,,
T,2022-02-09 08:01:39,47.58570959,18.39264645,11,175.321,44.372,0.000,,12,13,,
T,2022-02-09 08:01:40,47.58570957,18.39264651,11,175.310,44.372,0.000,,12,13,,
T,2022-02-09 08:01:41,47.58571031,18.39264625,12,174.798,44.372,0.000,,10,13,,
T,2022-02-09 08:01:42,47.58571172,18.39264604,12,173.902,44.372,0.000,,10,13,,
T,2022-02-09 08:01:43,47.58571161,18.39264525,12,173.935,44.372,0.000,,11,13,,
T,2022-02-09 08:01:44,47.58571321,18.39264639,12,171.328,44.372,0.000,,11,13,,
T,2022-02-09 08:01:45,47.58571329,18.39264668,13,173.779,44.372,0.000,,11,13,,
T,2022-02-09 08:01:46,47.58571164,18.39264477,13,176.002,44.372,0.000,,11,13,,
T,2022-02-09 08:01:47,47.58571076,18.39264361,13,176.732,44.372,0.000,,12,13,,
T,2022-02-09 08:01:48,47.58571041,18.39264309,14,176.975,44.372,0.000,,12,13,,
T,2022-02-09 08:01:49,47.58571036,18.39264307,14,176.886,44.372,0.000,,12,13,,
T,2022-02-09 08:01:50,47.58571095,18.39264389,14,176.770,44.372,0.000,,12,13,,
T,2022-02-09 08:01:51,47.58571063,18.39264341,13,176.728,44.372,0.000,,11,13,,
T,2022-02-09 08:01:52,47.58571067,18.39264342,13,176.747,44.372,0.000,,11,13,,
T,2022-02-09 08:01:53,47.58571058,18.39264335,14,176.737,44.372,0.000,,12,13,,
T,2022-02-09 08:01:54,47.58571079,18.39264356,14,176.755,44.372,0.000,,12,12,,
T,2022-02-09 08:01:55,47.58571095,18.39264351,14,176.749,44.372,0.000,,12,12,,
T,2022-02-09 08:01:56,47.58571094,18.39264351,15,176.755,44.372,0.000,,12,12,,
T,2022-02-09 08:01:57,47.58571067,18.39264435,15,176.311,44.372,0.000,,11,13,,
T,2022-02-09 08:01:58,47.58571067,18.39264465,14,176.261,44.372,0.000,,12,13,,
T,2022-02-09 08:01:59,47.58571070,18.39264496,14,176.230,44.372,0.000,,12,13,,
T,2022-02-09 08:02:00,47.58571051,18.39264506,14,176.243,44.372,0.000,,13,13,,
T,2022-02-09 08:02:01,47.58571050,18.39264513,14,176.268,44.372,0.000,,13,13,,
T,2022-02-09 08:02:02,47.58571046,18.39264533,13,176.270,44.372,0.000,,13,13,,
T,2022-02-09 08:02:03,47.58571032,18.39264553,13,176.249,44.372,0.000,,13,13,,
T,2022-02-09 08:02:04,47.58571008,18.39264574,14,176.217,44.372,0.000,,12,13,,
T,2022-02-09 08:02:05,47.58570985,18.39264596,15,176.228,44.372,0.000,,11,13,,
T,2022-02-09 08:02:06,47.58570955,18.39264632,15,176.221,44.372,0.000,,10,13,,
T,2022-02-09 08:02:07,47.58570925,18.39264679,17,176.281,44.372,0.000,,10,13,,
T,2022-02-09 08:02:08,47.58570867,18.39264829,20,176.829,44.372,0.000,,11,13,,
T,2022-02-09 08:02:09,47.58570841,18.39264871,24,176.847,44.372,0.000,,11,13,,
T,2022-02-09 08:02:10,47.58557080,18.39275847,23,176.006,44.372,11.650,145,10,13,,
T,2022-02-09 08:02:11,47.58548161,18.39284291,25,173.238,44.372,7.920,143,11,13,,
T,2022-02-09 08:02:12,47.58536750,18.39288101,21,172.186,44.372,7.710,149,11,13,,
T,2022-02-09 08:02:13,47.58529370,18.39299232,20,172.599,44.372,9.090,147,11,13,,
T,2022-02-09 08:02:14,47.58519029,18.39313265,17,170.207,44.372,9.550,144,11,13,,
T,2022-02-09 08:02:15,47.58509736,18.39325864,17,170.015,44.372,10.400,143,10,13,,
T,2022-02-09 08:02:16,47.58501467,18.39334848,17,170.284,44.372,10.350,143,9,13,,
T,2022-02-09 08:02:17,47.58490774,18.39339683,17,170.382,44.373,10.240,146,9,13,,
T,2022-02-09 08:02:18,47.58481058,18.39349029,18,169.399,44.373,10.460,148,10,12,,
T,2022-02-09 08:02:19,47.58467909,18.39363176,18,170.992,44.373,11.920,147,9,12,,
T,2022-02-09 08:02:20,47.58460763,18.39374616,20,171.137,44.373,11.660,145,9,11,,
T,2022-02-09 08:02:21,47.58446653,18.39391574,21,171.423,44.373,13.450,144,9,11,,
T,2022-02-09 08:02:22,47.58434425,18.39407171,22,171.109,44.373,14.090,143,9,11,,
T,2022-02-09 08:02:23,47.58416915,18.39411204,19,172.148,44.373,14.460,148,9,12,,
T,2022-02-09 08:02:24,47.58405682,18.39423115,16,171.379,44.373,14.250,148,10,12,,
T,2022-02-09 08:02:25,47.58396625,18.39428994,15,170.160,44.374,13.690,150,11,12,,
T,2022-02-09 08:02:26,47.58380112,18.39441061,15,169.956,44.374,15.170,150,10,12,,
T,2022-02-09 08:02:27,47.58366980,18.39446210,15,172.185,44.374,15.270,152,11,12,,
T,2022-02-09 08:02:28,47.58357692,18.39464146,14,170.664,44.374,15.600,147,11,12,,
T,2022-02-09 08:02:29,47.58351542,18.39475933,14,171.259,44.374,14.150,144,11,12,,
T,2022-02-09 08:02:30,47.58340150,18.39479924,15,169.787,44.374,13.500,149,11,12,,
T,2022-02-09 08:02:31,47.58333314,18.39482351,15,169.669,44.374,12.020,151,10,12,,
T,2022-02-09 08:02:32,47.58320301,18.39482642,15,168.119,44.374,12.250,158,10,11,,
T,2022-02-09 08:02:33,47.58305697,18.39493657,15,167.457,44.375,13.630,156,10,11,,
T,2022-02-09 08:02:34,47.58291897,18.39508849,17,168.927,44.375,14.930,153,10,11,,
T,2022-02-09 08:02:35,47.58274386,18.39514606,16,169.116,44.375,16.670,157,9,11,,
T,2022-02-09 08:02:36,47.58251853,18.39523558,17,168.350,44.375,18.520,159,8,11,,
T,2022-02-09 08:02:37,47.58241215,18.39536197,15,169.537,44.375,17.790,157,9,11,,
T,2022-02-09 08:02:38,47.58225102,18.39544273,15,169.443,44.375,18.190,157,9,11,,
T,2022-02-09 08:02:39,47.58210754,18.39553100,14,168.423,44.376,18.280,157,9,12,,
T,2022-02-09 08:02:40,47.58193335,18.39563728,13,167.352,44.376,19.610,160,10,12,,
T,2022-02-09 08:02:41,47.58174854,18.39568317,13,167.123,44.376,19.230,161,10,12,,
T,2022-02-09 08:02:42,47.58158117,18.39580387,13,166.326,44.376,19.890,159,11,12,,
T,2022-02-09 08:02:43,47.58142592,18.39588469,12,167.100,44.376,19.390,160,11,12,,
T,2022-02-09 08:02:44,47.58125557,18.39600150,12,165.877,44.377,19.970,159,10,12,,
T,2022-02-09 08:02:45,47.58108897,18.39609217,12,163.766,44.377,20.570,160,11,12,,
T,2022-02-09 08:02:46,47.58090694,18.39618588,12,165.976,44.377,20.630,162,11,12,,
T,2022-02-09 08:02:47,47.58070378,18.39627064,12,166.108,44.377,20.830,159,11,12,,
T,2022-02-09 08:02:48,47.58053203,18.39637807,12,167.046,44.377,20.950,159,10,12,,
T,2022-02-09 08:02:49,47.58034675,18.39646926,11,168.587,44.378,22.090,160,10,12,,
T,2022-02-09 08:02:50,47.58016183,18.39657279,12,167.893,44.378,21.630,160,11,12,,
T,2022-02-09 08:02:51,47.57996730,18.39668971,12,168.158,44.378,22.160,159,10,12,,
T,2022-02-09 08:02:52,47.57979447,18.39678967,13,167.473,44.378,21.380,160,11,12,,
T,2022-02-09 08:02:53,47.57957287,18.39685877,12,168.755,44.379,23.580,165,11,12,,
T,2022-02-09 08:02:54,47.57937629,18.39693831,12,168.293,44.379,22.960,165,12,12,,
T,2022-02-09 08:02:55,47.57916779,18.39697413,12,167.199,44.379,22.550,166,12,12,,
T,2022-02-09 08:02:56,47.57897845,18.39711035,12,167.186,44.379,23.220,164,11,12,,
T,2022-02-09 08:02:57,47.57877325,18.39718279,12,168.056,44.380,23.730,166,11,12,,
T,2022-02-09 08:02:58,47.57856728,18.39723080,12,168.063,44.380,24.090,170,11,12,,
T,2022-02-09 08:02:59,47.57835425,18.39727928,12,167.724,44.380,23.940,171,11,12,,
T,2022-02-09 08:03:00,47.57814418,18.39733849,12,167.024,44.380,24.740,170,8,12,,
T,2022-02-09 08:03:01,47.57792003,18.39738126,12,167.461,44.381,24.750,171,9,12,,
T,2022-02-09 08:03:02,47.57769999,18.39738785,12,168.614,44.381,23.890,176,9,12,,
T,2022-02-09 08:03:03,47.57748851,18.39740159,12,168.693,44.381,23.990,177,9,12,,
T,2022-02-09 08:03:04,47.57726525,18.39742600,12,168.771,44.381,24.900,176,8,12,,
T,2022-02-09 08:03:05,47.57704295,18.39741072,13,168.106,44.382,23.990,179,8,12,,
T,2022-02-09 08:03:06,47.57681516,18.39737776,13,167.372,44.382,24.740,182,9,12,,
T,2022-02-09 08:03:07,47.57660035,18.39736334,13,168.055,44.382,23.650,183,8,12,,
T,2022-02-09 08:03:08,47.57636830,18.39736619,13,168.493,44.383,25.090,179,8,12,,
T,2022-02-09 08:03:09,47.57613577,18.39736361,13,169.184,44.383,25.480,181,8,12,,
T,2022-02-09 08:03:10,47.57591443,18.39735549,13,168.151,44.383,25.640,181,8,11,,
T,2022-02-09 08:03:11,47.57568954,18.39735947,13,168.807,44.384,25.530,179,8,11,,
T,2022-02-09 08:03:12,47.57546156,18.39737267,13,169.463,44.384,25.680,178,7,11,,
T,2022-02-09 08:03:13,47.57522725,18.39739638,13,168.774,44.384,26.650,177,8,12,,
T,2022-02-09 08:03:14,47.57498188,18.39744733,13,168.544,44.384,26.520,175,9,12,,
T,2022-02-09 08:03:15,47.57473879,18.39747455,14,169.187,44.385,26.350,174,9,12,,
T,2022-02-09 08:03:16,47.57449163,18.39754863,14,168.437,44.385,26.590,173,10,11,,
T,2022-02-09 08:03:17,47.57425994,18.39759164,14,168.351,44.385,26.330,172,10,11,,
T,2022-02-09 08:03:18,47.57402304,18.39767489,14,167.938,44.386,27.550,168,10,10,,
T,2022-02-09 08:03:19,47.57381090,18.39773901,14,167.770,44.386,26.230,169,10,10,,
T,2022-02-09 08:03:20,47.57357591,18.39786737,14,167.035,44.386,27.350,164,10,10,,
T,2022-02-09 08:03:21,47.57333905,18.39794975,14,167.357,44.386,26.290,166,10,11,,
T,2022-02-09 08:03:22,47.57307858,18.39807527,14,167.459,44.387,27.540,163,9,11,,
T,2022-02-09 08:03:23,47.57285588,18.39818622,13,165.873,44.387,27.990,161,9,13,,
T,2022-02-09 08:03:24,47.57262912,18.39832076,13,166.469,44.387,26.970,157,11,13,,
T,2022-02-09 08:03:25,47.57238491,18.39847039,13,166.683,44.388,27.260,159,12,13,,
T,2022-02-09 08:03:26,47.57214736,18.39864406,13,167.134,44.388,28.130,157,12,13,,
T,2022-02-09 08:03:27,47.57190581,18.39877829,14,167.003,44.388,28.260,158,12,13,,
T,2022-02-09 08:03:28,47.57163348,18.39890834,15,167.198,44.388,29.710,159,11,13,,
T,2022-02-09 08:03:29,47.57138061,18.39903917,16,167.957,44.389,29.710,158,11,13,,
T,2022-02-09 08:03:30,47.57111755,18.39915946,17,169.390,44.389,30.040,159,11,13,,
T,2022-02-09 08:03:31,47.57085009,18.39937791,17,168.999,44.389,31.730,156,9,13,,
T,2022-02-09 08:03:32,47.57066219,18.39967952,16,170.473,44.389,30.740,150,9,13,,
T,2022-02-09 08:03:33,47.57048303,18.39993117,16,170.960,44.390,29.200,148,9,13,,
T,2022-02-09 08:03:34,47.57025523,18.40010632,16,173.212,44.390,29.390,150,9,13,,
T,2022-02-09 08:03:35,47.57008972,18.40036469,17,174.413,44.390,28.690,146,9,13,,
T,2022-02-09 08:03:36,47.56986898,18.40058071,18,174.805,44.390,29.440,147,9,13,,
T,2022-02-09 08:03:37,47.56967985,18.40087152,16,175.946,44.390,29.590,143,10,13,,
T,2022-02-09 08:03:38,47.56947758,18.40107077,16,175.642,44.390,29.160,145,9,13,,
T,2022-02-09 08:03:39,47.56927945,18.40134984,16,175.279,44.391,29.690,142,8,13,,
T,2022-02-09 08:03:40,47.56912474,18.40170431,17,172.475,44.391,29.770,137,8,12,,
T,2022-02-09 08:03:41,47.56897790,18.40209042,16,169.442,44.391,30.200,133,9,11,,
T,2022-02-09 08:03:42,47.56875770,18.40234791,18,169.178,44.391,30.310,137,9,11,,
T,2022-02-09 08:03:43,47.56856839,18.40262471,22,169.290,44.391,29.940,136,9,11,,
T,2022-02-09 08:03:44,47.56839398,18.40289404,28,168.904,44.391,29.360,136,9,11,,
T,2022-02-09 08:03:45,47.56819440,18.40319093,29,166.842,44.391,30.190,136,9,10,,
T,2022-02-09 08:03:46,47.56804535,18.40350267,26,166.963,44.392,29.610,134,9,10,,
T,2022-02-09 08:03:47,47.56793274,18.40389610,24,166.554,44.392,29.880,129,9,10,,
T,2022-02-09 08:03:48,47.56773012,18.40420742,23,166.249,44.392,30.950,132,8,10,,
T,2022-02-09 08:03:49,47.56766254,18.40459000,23,168.796,44.392,28.930,124,8,10,,
T,2022-02-09 08:03:50,47.56753187,18.40492401,20,169.434,44.392,29.000,125,8,10,,
T,2022-02-09 08:03:51,47.56737089,18.40519770,19,167.950,44.392,28.210,127,9,10,,
T,2022-02-09 08:03:52,47.56721675,18.40549085,17,168.768,44.392,28.700,127,9,10,,
T,2022-02-09 08:03:53,47.56709923,18.40589338,16,167.477,44.392,29.910,123,9,10,,
T,2022-02-09 08:03:54,47.56700066,18.40628162,16,172.104,44.392,29.560,119,10,11,,
T,2022-02-09 08:03:55,47.56682478,18.40665396,17,172.671,44.392,31.440,122,10,10,,
T,2022-02-09 08:03:56,47.56665656,18.40698528,18,172.131,44.392,31.320,124,10,10,,
T,2022-02-09 08:03:57,47.56651367,18.40736392,19,175.576,44.392,31.690,121,9,10,,
T,2022-02-09 08:03:58,47.56647893,18.40777560,19,174.985,44.392,30.510,117,9,10,,
T,2022-02-09 08:03:59,47.56635439,18.40817244,23,175.339,44.392,31.290,117,9,10,,
T,2022-02-09 08:04:00,47.56620221,18.40854593,28,176.663,44.392,31.760,118,8,10,,
T,2022-02-09 08:04:01,47.56610194,18.40886422,36,178.988,44.392,30.240,117,8,10,,
T,2022-02-09 08:04:02,47.56584899,18.40906579,32,179.646,44.393,29.780,122,8,10,,
T,2022-02-09 08:04:03,47.56570959,18.40947852,27,179.619,44.393,30.810,121,9,10,,
T,2022-02-09 08:04:04,47.56557222,18.40986472,24,180.338,44.393,31.670,120,9,10,,
T,2022-02-09 08:04:05,47.56534458,18.41015932,23,179.749,44.393,32.110,126,9,10,,
T,2022-02-09 08:04:06,47.56518488,18.41054219,22,180.116,44.393,32.250,123,9,10,,
T,2022-02-09 08:04:07,47.56505793,18.41088387,18,180.942,44.393,31.430,122,9,10,,
T,2022-02-09 08:04:08,47.56488213,18.41127220,18,181.261,44.393,32.670,123,9,10,,
T,2022-02-09 08:04:09,47.56476647,18.41166301,17,183.477,44.393,32.090,120,9,10,,
T,2022-02-09 08:04:10,47.56463804,18.41201083,16,182.842,44.393,31.490,120,9,10,,
T,2022-02-09 08:04:11,47.56463174,18.41246585,16,183.436,44.393,31.780,110,9,10,,
T,2022-02-09 08:04:12,47.56452557,18.41283451,15,183.431,44.393,31.450,113,9,10,,
T,2022-02-09 08:04:13,47.56445590,18.41323782,15,181.526,44.393,31.600,111,9,10,,
T,2022-02-09 08:04:14,47.56439005,18.41368443,15,182.510,44.393,32.420,108,9,10,,
T,2022-02-09 08:04:15,47.56431594,18.41407992,15,183.857,44.393,31.820,108,9,10,,
T,2022-02-09 08:04:16,47.56421431,18.41450715,15,183.054,44.393,32.490,109,10,10,,
T,2022-02-09 08:04:17,47.56416314,18.41491782,15,185.170,44.393,32.010,106,10,10,,
T,2022-02-09 08:04:18,47.56408754,18.41535290,16,184.647,44.393,32.570,106,10,10,,
T,2022-02-09 08:04:19,47.56397953,18.41574972,17,184.781,44.393,32.340,108,10,10,,
T,2022-02-09 08:04:20,47.56389991,18.41614700,19,186.954,44.393,32.180,107,9,11,,
T,2022-02-09 08:04:21,47.56377841,18.41657757,18,187.324,44.393,33.020,109,10,11,,
T,2022-02-09 08:04:22,47.56362764,18.41696993,18,186.713,44.393,32.730,112,10,11,,
T,2022-02-09 08:04:23,47.56348415,18.41733446,16,186.025,44.393,32.190,113,10,11,,
T,2022-02-09 08:04:24,47.56338491,18.41768597,15,186.985,44.393,31.240,112,11,11,,
T,2022-02-09 08:04:25,47.56332765,18.41810335,15,186.341,44.393,31.720,109,11,11,,
T,2022-02-09 08:04:26,47.56326585,18.41852837,15,185.611,44.393,32.170,107,11,11,,
T,2022-02-09 08:04:27,47.56326661,18.41894861,14,186.035,44.392,31.790,102,11,12,,
T,2022-02-09 08:04:28,47.56318999,18.41944085,14,183.839,44.392,33.850,104,12,12,,
T,2022-02-09 08:04:29,47.56318325,18.41986968,15,183.416,44.392,32.490,100,12,12,,
T,2022-02-09 08:04:30,47.56314371,18.42030391,15,184.232,44.392,32.490,100,11,12,,
T,2022-02-09 08:04:31,47.56312353,18.42075886,16,185.040,44.392,32.780,99,10,12,,
T,2022-02-09 08:04:32,47.56305030,18.42122812,16,185.460,44.392,33.620,100,10,12,,
T,2022-02-09 08:04:33,47.56305246,18.42161975,15,186.388,44.392,32.080,95,11,12,,
T,2022-02-09 08:04:34,47.56305486,18.42203542,15,187.073,44.392,32.080,93,11,12,,
T,2022-02-09 08:04:35,47.56312332,18.42249234,15,189.327,44.391,33.390,89,10,12,,
T,2022-02-09 08:04:36,47.56307931,18.42291895,14,189.489,44.391,32.520,93,11,12,,
T,2022-02-09 08:04:37,47.56307755,18.42332801,14,190.249,44.391,32.440,92,10,12,,
T,2022-02-09 08:04:38,47.56314097,18.42377334,15,192.704,44.391,33.250,88,10,12,,
T,2022-02-09 08:04:39,47.56314772,18.42420730,15,192.816,44.391,32.570,89,9,13,,
T,2022-02-09 08:04:40,47.56314340,18.42466044,14,193.321,44.391,33.130,90,12,13,,
T,2022-02-09 08:04:41,47.56320624,18.42513518,14,194.210,44.390,34.050,86,12,13,,
T,2022-02-09 08:04:42,47.56318152,18.42557330,14,194.354,44.390,33.750,90,12,13,,
T,2022-02-09 08:04:43,47.56319872,18.42601078,14,194.750,44.390,33.750,88,12,13,,
T,2022-02-09 08:04:44,47.56327810,18.42647642,14,196.391,44.390,34.410,84,13,13,,
T,2022-02-09 08:04:45,47.56329842,18.42689134,15,196.358,44.390,32.910,86,13,13,,
T,2022-02-09 08:04:46,47.56325813,18.42738736,15,195.487,44.389,34.610,89,9,13,,
T,2022-02-09 08:04:47,47.56327098,18.42779012,15,197.492,44.389,33.050,88,10,13,,
T,2022-02-09 08:04:48,47.56337092,18.42825928,16,197.996,44.389,34.410,83,10,13,,
T,2022-02-09 08:04:49,47.56339607,18.42870590,16,198.786,44.389,33.630,85,9,13,,
T,2022-02-09 08:04:50,47.56350960,18.42922570,16,198.871,44.389,35.610,81,9,13,,
T,2022-02-09 08:04:51,47.56353314,18.42967185,15,201.607,44.388,34.660,83,9,13,,
T,2022-02-09 08:04:52,47.56351199,18.43010587,15,203.095,44.388,33.910,86,11,14,,
T,2022-02-09 08:04:53,47.56351417,18.43059412,17,204.470,44.388,35.570,87,11,14,,
T,2022-02-09 08:04:54,47.56354212,18.43099890,16,206.714,44.388,33.210,85,11,14,,
T,2022-02-09 08:04:55,47.56351834,18.43135904,15,206.425,44.388,31.190,87,13,14,,
T,2022-02-09 08:04:56,47.56345777,18.43184508,15,206.772,44.388,34.780,92,13,14,,
T,2022-02-09 08:04:57,47.56341720,18.43229860,14,209.016,44.388,34.170,92,14,14,,
T,2022-02-09 08:04:58,47.56340579,18.43275965,14,203.039,44.387,34.200,92,13,14,,
T,2022-02-09 08:04:59,47.56340218,18.43324098,14,204.323,44.387,34.340,92,12,14,,
T,2022-02-09 08:05:00,47.56340013,18.43370677,14,206.623,44.387,34.530,91,12,14,,
T,2022-02-09 08:05:01,47.56332264,18.43415038,14,206.278,44.387,34.350,95,12,14,,
T,2022-02-09 08:05:02,47.56331598,18.43462628,13,205.346,44.387,34.610,94,12,14,,
T,2022-02-09 08:05:03,47.56323879,18.43505831,13,205.951,44.387,34.360,97,11,14,,
T,2022-02-09 08:05:04,47.56316365,18.43548489,13,204.373,44.387,34.220,99,11,14,,
T,2022-02-09 08:05:05,47.56313871,18.43595252,13,204.722,44.387,34.570,97,10,14,,
T,2022-02-09 08:05:06,47.56304045,18.43637172,13,204.887,44.387,34.110,101,11,14,,
T,2022-02-09 08:05:07,47.56299429,18.43682199,13,204.534,44.387,34.450,100,11,14,,
T,2022-02-09 08:05:08,47.56294621,18.43728695,13,205.305,44.386,34.590,100,11,14,,
T,2022-02-09 08:05:09,47.56292762,18.43775800,12,206.169,44.386,34.660,99,11,14,,
T,2022-02-09 08:05:10,47.56282046,18.43817554,12,206.993,44.386,34.270,103,12,14,,
T,2022-02-09 08:05:11,47.56278100,18.43864017,11,206.712,44.386,34.860,101,12,14,,
T,2022-02-09 08:05:12,47.56274673,18.43911037,11,205.583,44.386,34.690,101,12,14,,
T,2022-02-09 08:05:13,47.56270627,18.43957574,11,200.387,44.386,34.580,101,12,14,,
T,2022-02-09 08:05:14,47.56262906,18.44002928,12,196.191,44.386,34.740,102,12,14,,
T,2022-02-09 08:05:15,47.56254014,18.44047818,12,195.602,44.386,34.710,104,11,13,,
T,2022-02-09 08:05:16,47.56247541,18.44091159,12,197.332,44.386,34.530,103,11,13,,
T,2022-02-09 08:05:17,47.56239091,18.44135558,12,196.567,44.386,34.500,104,11,13,,
T,2022-02-09 08:05:18,47.56230024,18.44178796,12,194.571,44.386,34.650,104,11,13,,
T,2022-02-09 08:05:19,47.56223342,18.44224048,12,193.103,44.386,34.730,104,11,12,,
T,2022-02-09 08:05:20,47.56214262,18.44267724,12,194.243,44.385,34.600,105,11,12,,
T,2022-02-09 08:05:21,47.56209057,18.44314873,12,195.347,44.385,34.990,104,12,12,,
T,2022-02-09 08:05:22,47.56196785,18.44358538,13,194.679,44.385,34.930,107,12,12,,
T,2022-02-09 08:05:23,47.56187719,18.44402218,14,194.750,44.385,34.690,107,12,12,,
T,2022-02-09 08:05:24,47.56174701,18.44443655,14,194.801,44.385,34.470,110,12,12,,
T,2022-02-09 08:05:25,47.56162947,18.44485867,14,195.235,44.385,34.460,111,12,12,,
T,2022-02-09 08:05:26,47.56155978,18.44529999,14,195.307,44.385,34.150,109,11,12,,
T,2022-02-09 08:05:27,47.56144501,18.44573686,14,195.489,44.385,34.320,111,10,12,,
T,2022-02-09 08:05:28,47.56129322,18.44614531,15,195.723,44.385,34.550,113,11,12,,
T,2022-02-09 08:05:29,47.56113097,18.44653831,15,193.488,44.385,34.340,115,11,12,,
T,2022-02-09 08:05:30,47.56098540,18.44692358,17,194.840,44.385,33.880,116,10,12,,
T,2022-02-09 08:05:31,47.56081560,18.44733121,18,194.828,44.385,34.690,117,10,12,,
T,2022-02-09 08:05:32,47.56069247,18.44773643,20,196.549,44.385,34.180,116,10,12,,
T,2022-02-09 08:05:33,47.56051594,18.44808204,20,196.446,44.386,33.250,118,10,13,,
T,2022-02-09 08:05:34,47.56033707,18.44847633,22,202.755,44.386,34.210,119,9,13,,
T,2022-02-09 08:05:35,47.56015652,18.44886645,20,201.453,44.386,34.670,120,9,13,,
T,2022-02-09 08:05:36,47.55992923,18.44913677,15,201.060,44.386,32.940,125,10,13,,
T,2022-02-09 08:05:37,47.55976231,18.44952060,15,199.888,44.386,33.560,125,9,13,,
T,2022-02-09 08:05:38,47.55965918,18.44994214,15,199.851,44.386,33.120,122,9,13,,
T,2022-02-09 08:05:39,47.55945550,18.45023716,16,199.774,44.386,32.640,126,9,13,,
T,2022-02-09 08:05:40,47.55932532,18.45057993,20,200.156,44.386,31.890,124,10,13,,
T,2022-02-09 08:05:41,47.55908468,18.45090840,18,197.285,44.386,33.770,128,10,13,,
T,2022-02-09 08:05:42,47.55889439,18.45123189,17,198.646,44.386,32.780,128,10,13,,
T,2022-02-09 08:05:43,47.55872744,18.45162940,18,198.773,44.386,33.310,126,10,13,,
T,2022-02-09 08:05:44,47.55861921,18.45202315,20,200.797,44.386,32.720,122,10,13,,
T,2022-02-09 08:05:45,47.55829349,18.45215067,19,200.539,44.387,32.340,136,11,13,,
T,2022-02-09 08:05:46,47.55809506,18.45247181,19,202.057,44.387,32.330,132,11,13,,
T,2022-02-09 08:05:47,47.55793543,18.45282918,19,204.738,44.387,32.140,129,11,13,,
T,2022-02-09 08:05:48,47.55768903,18.45307519,21,205.308,44.387,32.110,135,10,13,,
T,2022-02-09 08:05:49,47.55748254,18.45335191,21,206.059,44.387,31.700,134,10,13,,
T,2022-02-09 08:05:50,47.55727026,18.45365450,19,206.352,44.387,32.040,134,10,13,,
T,2022-02-09 08:05:51,47.55708735,18.45393723,16,208.047,44.387,31.250,134,9,13,,
T,2022-02-09 08:05:52,47.55684241,18.45418837,16,206.622,44.388,31.800,138,9,13,,
T,2022-02-09 08:05:53,47.55661608,18.45442962,17,207.755,44.388,31.360,138,9,12,,
T,2022-02-09 08:05:54,47.55640684,18.45472456,20,209.398,44.388,31.670,137,11,12,,
T,2022-02-09 08:05:55,47.55621107,18.45503548,19,208.567,44.388,31.370,136,11,12,,
T,2022-02-09 08:05:56,47.55607104,18.45539585,19,208.000,44.388,30.990,132,11,11,,
T,2022-02-09 08:05:57,47.55588467,18.45576106,20,204.691,44.388,31.660,131,11,11,,
T,2022-02-09 08:05:58,47.55566170,18.45605013,21,204.480,44.388,32.200,134,11,11,,
T,2022-02-09 08:05:59,47.55554175,18.45639809,21,203.834,44.388,30.710,129,10,11,,
T,2022-02-09 08:06:00,47.55541799,18.45682516,18,204.133,44.388,31.950,126,8,11,,
T,2022-02-09 08:06:01,47.55520490,18.45702930,17,203.244,44.388,30.030,133,9,11,,
T,2022-02-09 08:06:02,47.55507830,18.45741060,16,204.862,44.388,30.460,126,9,11,,
T,2022-02-09 08:06:03,47.55493248,18.45779576,16,205.224,44.389,31.390,125,9,12,,
T,2022-02-09 08:06:04,47.55476702,18.45810109,17,207.548,44.389,30.560,127,10,12,,
T,2022-02-09 08:06:05,47.55470518,18.45844778,17,203.677,44.389,28.520,123,10,12,,
T,2022-02-09 08:06:06,47.55460084,18.45883733,18,205.236,44.389,29.730,119,10,12,,
T,2022-02-09 08:06:07,47.55446719,18.45922172,17,206.619,44.389,30.780,120,9,12,,
T,2022-02-09 08:06:08,47.55433027,18.45950939,17,209.607,44.389,28.960,121,10,12,,
T,2022-02-09 08:06:09,47.55420202,18.45993957,17,209.079,44.389,31.700,119,10,12,,
T,2022-02-09 08:06:10,47.55403388,18.46019936,14,209.398,44.389,28.470,123,10,12,,
T,2022-02-09 08:06:11,47.55389050,18.46054461,13,209.940,44.389,29.360,123,10,12,,
T,2022-02-09 08:06:12,47.55372633,18.46086025,14,210.332,44.389,29.410,124,10,12,,
T,2022-02-09 08:06:13,47.55359074,18.46115229,15,212.753,44.389,27.830,123,10,12,,
T,2022-02-09 08:06:14,47.55342762,18.46144744,15,214.806,44.389,28.250,125,9,11,,
T,2022-02-09 08:06:15,47.55323118,18.46180985,17,211.059,44.389,30.890,126,9,11,,
T,2022-02-09 08:06:16,47.55307630,18.46213586,18,209.939,44.389,30.340,126,8,10,,
T,2022-02-09 08:06:17,47.55291190,18.46241769,20,209.116,44.389,29.540,127,8,10,,
T,2022-02-09 08:06:18,47.55274287,18.46278544,22,205.794,44.389,30.940,126,9,10,,
T,2022-02-09 08:06:19,47.55263484,18.46311756,20,205.774,44.389,29.160,124,9,10,,
T,2022-02-09 08:06:20,47.55251557,18.46339452,23,205.873,44.389,28.500,124,10,10,,
T,2022-02-09 08:06:21,47.55234528,18.46374113,23,206.654,44.389,29.500,125,10,10,,
T,2022-02-09 08:06:22,47.55218566,18.46399438,23,209.354,44.389,28.380,125,10,10,,
T,2022-02-09 08:06:23,47.55205165,18.46437751,22,209.122,44.389,29.680,123,10,10,,
T,2022-02-09 08:06:24,47.55195127,18.46468048,20,210.129,44.389,27.730,122,10,10,,
T,2022-02-09 08:06:25,47.55179205,18.46500320,18,210.622,44.389,28.940,124,10,10,,
T,2022-02-09 08:06:26,47.55167425,18.46528903,19,213.383,44.389,27.450,122,10,10,,
T,2022-02-09 08:06:27,47.55153595,18.46554105,18,213.989,44.389,26.720,124,10,10,,
T,2022-02-09 08:06:28,47.55141025,18.46588896,18,212.097,44.390,28.060,122,10,10,,
T,2022-02-09 08:06:29,47.55126760,18.46619393,18,211.117,44.390,27.670,123,10,10,,
T,2022-02-09 08:06:30,47.55114479,18.46645426,18,212.535,44.390,26.470,124,9,11,,
T,2022-02-09 08:06:31,47.55103026,18.46683175,17,212.379,44.390,28.600,121,9,11,,
T,2022-02-09 08:06:32,47.55087563,18.46712123,18,212.761,44.390,27.940,124,9,11,,
T,2022-02-09 08:06:33,47.55068477,18.46741080,18,213.289,44.390,28.400,126,9,11,,
T,2022-02-09 08:06:34,47.55055043,18.46769514,16,212.195,44.390,27.070,125,10,11,,
T,2022-02-09 08:06:35,47.55044371,18.46799240,17,211.336,44.390,26.540,123,10,11,,
T,2022-02-09 08:06:36,47.55031125,18.46835298,18,213.326,44.390,28.100,122,10,11,,
T,2022-02-09 08:06:37,47.55012867,18.46855206,16,215.095,44.390,26.410,127,10,11,,
T,2022-02-09 08:06:38,47.54998531,18.46883652,16,215.081,44.390,27.020,126,10,11,,
T,2022-02-09 08:06:39,47.54984736,18.46913802,18,217.783,44.390,27.130,125,10,11,,
T,2022-02-09 08:06:40,47.54969015,18.46938778,19,217.748,44.390,26.970,128,9,11,,
T,2022-02-09 08:06:41,47.54953906,18.46964348,20,218.126,44.390,26.270,128,9,11,,
T,2022-02-09 08:06:42,47.54938067,18.46991341,20,214.668,44.390,26.360,128,9,11,,
T,2022-02-09 08:06:43,47.54926223,18.47024206,18,214.423,44.390,27.020,126,8,11,,
T,2022-02-09 08:06:44,47.54908343,18.47055595,18,215.214,44.390,28.130,127,8,12,,
T,2022-02-09 08:06:45,47.54897176,18.47081808,17,217.772,44.390,25.560,126,9,12,,
T,2022-02-09 08:06:46,47.54885760,18.47118025,17,219.319,44.390,27.380,122,9,12,,
T,2022-02-09 08:06:47,47.54871102,18.47145231,16,221.055,44.390,26.420,124,9,12,,
T,2022-02-09 08:06:48,47.54857043,18.47172258,16,221.308,44.390,26.430,125,10,11,,
T,2022-02-09 08:06:49,47.54843903,18.47201152,16,221.666,44.390,26.330,125,10,11,,
T,2022-02-09 08:06:50,47.54835838,18.47233528,18,222.956,44.390,25.940,120,10,11,,
T,2022-02-09 08:06:51,47.54821132,18.47258167,15,223.462,44.391,25.560,124,10,11,,
T,2022-02-09 08:06:52,47.54804111,18.47284103,16,223.778,44.391,26.500,127,10,11,,
T,2022-02-09 08:06:53,47.54789876,18.47306460,16,225.987,44.391,24.790,128,10,11,,
T,2022-02-09 08:06:54,47.54780793,18.47334104,16,228.597,44.391,24.370,124,10,12,,
T,2022-02-09 08:06:55,47.54764995,18.47363345,16,228.551,44.391,26.030,126,11,12,,
T,2022-02-09 08:06:56,47.54758366,18.47399245,15,227.035,44.391,25.700,119,11,12,,
T,2022-02-09 08:06:57,47.54748012,18.47426345,15,227.913,44.391,24.930,121,11,12,,
T,2022-02-09 08:06:58,47.54736736,18.47460280,15,228.859,44.391,26.550,120,11,12,,
T,2022-02-09 08:06:59,47.54725758,18.47475192,15,227.773,44.391,22.440,122,11,12,,
T,2022-02-09 08:07:00,47.54713600,18.47505961,15,227.695,44.391,24.880,122,10,12,,
T,2022-02-09 08:07:01,47.54696263,18.47535367,15,228.237,44.391,25.890,125,10,12,,
T,2022-02-09 08:07:02,47.54677941,18.47562521,16,226.784,44.391,26.120,127,10,12,,
T,2022-02-09 08:07:03,47.54661471,18.47590789,17,228.041,44.391,26.710,127,10,12,,
T,2022-02-09 08:07:04,47.54650029,18.47613803,18,230.723,44.391,24.440,127,10,12,,
T,2022-02-09 08:07:05,47.54638805,18.47638273,17,231.908,44.391,23.730,126,10,12,,
T,2022-02-09 08:07:06,47.54629282,18.47669474,17,231.901,44.391,24.550,123,10,12,,
T,2022-02-09 08:07:07,47.54619221,18.47696022,17,233.584,44.391,23.680,122,10,12,,
T,2022-02-09 08:07:08,47.54606638,18.47719574,16,234.471,44.391,23.410,124,11,12,,
T,2022-02-09 08:07:09,47.54592512,18.47749300,15,235.836,44.391,25.030,124,11,12,,
T,2022-02-09 08:07:10,47.54578160,18.47773169,15,235.232,44.391,24.540,126,11,12,,
T,2022-02-09 08:07:11,47.54569517,18.47795532,15,234.173,44.391,22.390,125,11,12,,
T,2022-02-09 08:07:12,47.54558527,18.47822406,15,231.193,44.391,23.160,123,11,12,,
T,2022-02-09 08:07:13,47.54546305,18.47847905,14,231.676,44.391,23.410,124,11,12,,
T,2022-02-09 08:07:14,47.54535822,18.47875905,15,232.131,44.391,23.550,122,11,12,,
T,2022-02-09 08:07:15,47.54525953,18.47901653,15,231.343,44.391,23.230,122,11,13,,
T,2022-02-09 08:07:16,47.54511353,18.47922840,14,232.905,44.391,23.050,126,11,13,,
T,2022-02-09 08:07:17,47.54501706,18.47954220,15,232.684,44.391,24.080,122,11,13,,
T,2022-02-09 08:07:18,47.54496702,18.47981466,16,234.602,44.391,22.560,120,11,13,,
T,2022-02-09 08:07:19,47.54480690,18.48008117,16,231.963,44.391,24.310,124,11,13,,
T,2022-02-09 08:07:20,47.54469654,18.48042005,16,227.113,44.391,24.820,121,11,13,,
T,2022-02-09 08:07:21,47.54453712,18.48061287,17,224.365,44.391,23.220,126,12,14,,
T,2022-02-09 08:07:22,47.54436843,18.48076854,18,223.632,44.392,22.530,128,13,14,,
T,2022-02-09 08:07:23,47.54421752,18.48099166,19,224.612,44.392,22.950,130,13,14,,
T,2022-02-09 08:07:24,47.54400428,18.48113777,16,220.319,44.392,22.990,137,13,14,,
T,2022-02-09 08:07:25,47.54392003,18.48147556,16,218.524,44.392,23.620,127,13,14,,
T,2022-02-09 08:07:26,47.54380583,18.48163814,15,217.874,44.392,21.340,131,13,14,,
T,2022-02-09 08:07:27,47.54367896,18.48187484,15,217.596,44.392,22.300,130,13,14,,
T,2022-02-09 08:07:28,47.54353450,18.48206436,14,218.570,44.392,22.080,132,12,14,,
T,2022-02-09 08:07:29,47.54336278,18.48219673,14,218.178,44.392,21.770,136,12,14,,
T,2022-02-09 08:07:30,47.54323427,18.48243244,14,217.505,44.392,22.140,134,12,14,,
T,2022-02-09 08:07:31,47.54312070,18.48265700,14,219.097,44.392,21.780,132,12,14,,
T,2022-02-09 08:07:32,47.54300059,18.48288994,14,219.317,44.392,21.870,131,12,14,,
T,2022-02-09 08:07:33,47.54282451,18.48298762,14,219.282,44.392,21.080,137,12,15,,
T,2022-02-09 08:07:34,47.54270429,18.48319899,14,222.286,44.392,21.460,136,13,15,,
T,2022-02-09 08:07:35,47.54256838,18.48337200,14,221.688,44.392,21.400,137,13,15,,
T,2022-02-09 08:07:36,47.54244219,18.48359235,14,220.364,44.392,21.520,135,13,15,,
T,2022-02-09 08:07:37,47.54232313,18.48384649,15,219.541,44.393,21.310,134,13,14,,
T,2022-02-09 08:07:38,47.54218091,18.48404030,14,220.460,44.393,21.690,139,13,14,,
T,2022-02-09 08:07:39,47.54204645,18.48423391,14,220.039,44.393,21.310,137,13,14,,
T,2022-02-09 08:07:40,47.54188605,18.48441866,15,220.053,44.393,21.690,138,12,13,,
T,2022-02-09 08:07:41,47.54173940,18.48459737,15,220.806,44.393,21.140,138,12,13,,
T,2022-02-09 08:07:42,47.54155002,18.48467340,16,220.358,44.393,20.780,143,12,13,,
T,2022-02-09 08:07:43,47.54139760,18.48484499,19,221.138,44.393,21.290,143,12,13,,
T,2022-02-09 08:07:44,47.54119794,18.48509488,23,222.059,44.393,23.210,142,11,13,,
T,2022-02-09 08:07:45,47.54107422,18.48529100,25,222.578,44.393,22.240,141,11,13,,
T,2022-02-09 08:07:46,47.54093813,18.48544112,29,222.931,44.393,21.270,141,11,13,,
T,2022-02-09 08:07:47,47.54082678,18.48564174,30,224.505,44.393,20.890,140,11,13,,
T,2022-02-09 08:07:48,47.54058122,18.48572838,30,223.230,44.394,21.490,145,11,13,,
T,2022-02-09 08:07:49,47.54050726,18.48595736,27,224.185,44.394,20.330,141,11,13,,
T,2022-02-09 08:07:50,47.54039012,18.48615272,29,222.264,44.394,20.100,140,11,13,,
T,2022-02-09 08:07:51,47.54016127,18.48620767,25,222.518,44.394,20.370,146,11,13,,
T,2022-02-09 08:07:52,47.54002100,18.48630246,29,222.300,44.394,19.300,147,11,13,,
T,2022-02-09 08:07:53,47.53985109,18.48642709,27,222.922,44.394,19.570,148,11,13,,
T,2022-02-09 08:07:54,47.53971211,18.48645948,26,222.858,44.394,18.220,152,11,13,,
T,2022-02-09 08:07:55,47.53953893,18.48655736,25,224.096,44.394,18.850,153,10,13,,
T,2022-02-09 08:07:56,47.53938255,18.48665667,25,225.757,44.395,18.780,153,10,12,,
T,2022-02-09 08:07:57,47.53922465,18.48672795,21,224.436,44.395,18.620,155,10,12,,
T,2022-02-09 08:07:58,47.53905015,18.48679929,21,224.143,44.395,18.700,157,9,12,,
T,2022-02-09 08:07:59,47.53890001,18.48693555,20,223.307,44.395,18.840,155,9,12,,
T,2022-02-09 08:08:00,47.53885689,18.48705523,17,222.572,44.395,16.620,153,9,13,,
T,2022-02-09 08:08:01,47.53870190,18.48713227,16,224.463,44.395,17.220,154,11,13,,
T,2022-02-09 08:08:02,47.53841003,18.48730946,16,222.924,44.395,23.300,154,11,14,,
T,2022-02-09 08:08:03,47.53826788,18.48740609,15,222.599,44.395,19.650,155,13,14,,
T,2022-02-09 08:08:04,47.53804023,18.48756284,17,225.213,44.396,22.090,154,13,14,,
T,2022-02-09 08:08:05,47.53791138,18.48775213,16,226.158,44.396,21.440,151,13,14,,
T,2022-02-09 08:08:06,47.53776136,18.48781456,18,225.197,44.396,20.170,153,13,14,,
T,2022-02-09 08:08:07,47.53766621,18.48806790,19,226.034,44.396,20.080,147,11,14,,
T,2022-02-09 08:08:08,47.53756089,18.48808733,18,224.712,44.396,17.650,150,11,13,,
T,2022-02-09 08:08:09,47.53745817,18.48821057,19,226.572,44.396,16.980,149,12,13,,
T,2022-02-09 08:08:10,47.53733790,18.48839275,19,227.607,44.396,17.400,146,13,13,,
T,2022-02-09 08:08:11,47.53713520,18.48839922,17,228.923,44.396,17.710,153,13,13,,
T,2022-02-09 08:08:12,47.53691255,18.48848252,15,231.617,44.396,19.360,158,13,13,,
T,2022-02-09 08:08:13,47.53678190,18.48852977,14,230.686,44.397,17.840,162,13,13,,
T,2022-02-09 08:08:14,47.53662338,18.48858038,14,232.334,44.397,18.040,161,13,13,,
T,2022-02-09 08:08:15,47.53647912,18.48862794,13,234.164,44.397,17.340,161,13,13,,
T,2022-02-09 08:08:16,47.53630369,18.48869116,13,232.480,44.397,18.250,163,11,13,,
T,2022-02-09 08:08:17,47.53614334,18.48876546,13,231.556,44.397,18.460,161,11,13,,
T,2022-02-09 08:08:18,47.53599448,18.48885255,13,233.379,44.397,17.710,162,10,13,,
T,2022-02-09 08:08:19,47.53584243,18.48893074,13,232.606,44.397,17.390,162,10,13,,
T,2022-02-09 08:08:20,47.53569793,18.48903217,12,232.216,44.398,17.630,162,11,13,,
T,2022-02-09 08:08:21,47.53556009,18.48909256,13,233.594,44.398,17.030,163,11,13,,
T,2022-02-09 08:08:22,47.53540225,18.48913981,13,233.616,44.398,17.390,165,9,13,,
T,2022-02-09 08:08:23,47.53524267,18.48921104,13,233.277,44.398,17.410,164,10,13,,
T,2022-02-09 08:08:24,47.53508431,18.48922561,13,232.671,44.398,16.610,167,11,13,,
T,2022-02-09 08:08:25,47.53493678,18.48927446,13,232.919,44.398,16.850,167,11,13,,
T,2022-02-09 08:08:26,47.53477913,18.48929467,13,231.889,44.398,16.720,170,11,13,,
T,2022-02-09 08:08:27,47.53462693,18.48934197,13,232.763,44.399,16.790,167,10,13,,
T,2022-02-09 08:08:28,47.53448229,18.48937274,13,233.944,44.399,16.480,168,10,13,,
T,2022-02-09 08:08:29,47.53433100,18.48941399,13,234.793,44.399,16.680,169,8,13,,
T,2022-02-09 08:08:30,47.53418310,18.48944901,13,234.991,44.399,17.140,169,7,13,,
T,2022-02-09 08:08:31,47.53404717,18.48947744,13,234.157,44.399,16.500,169,7,13,,
T,2022-02-09 08:08:32,47.53390040,18.48949836,13,234.775,44.399,17.000,169,7,12,,
T,2022-02-09 08:08:33,47.53375628,18.48953030,12,235.124,44.399,15.980,170,7,12,,
T,2022-02-09 08:08:34,47.53362072,18.48955138,12,235.141,44.400,15.110,172,8,12,,
T,2022-02-09 08:08:35,47.53347766,18.48956415,12,234.899,44.400,16.810,174,8,12,,
T,2022-02-09 08:08:36,47.53333463,18.48959288,12,236.379,44.400,15.690,171,8,12,,
T,2022-02-09 08:08:37,47.53318651,18.48962602,13,239.430,44.400,16.170,174,8,13,,
T,2022-02-09 08:08:38,47.53304720,18.48967025,13,239.235,44.400,16.350,176,9,13,,
T,2022-02-09 08:08:39,47.53290746,18.48970402,13,241.644,44.400,15.550,172,9,13,,
T,2022-02-09 08:08:40,47.53277248,18.48973615,13,241.631,44.400,15.550,173,9,12,,
T,2022-02-09 08:08:41,47.53263156,18.48977565,13,242.350,44.400,15.650,172,9,12,,
T,2022-02-09 08:08:42,47.53247862,18.48981300,13,242.370,44.401,15.400,169,10,11,,
T,2022-02-09 08:08:43,47.53234408,18.48982948,13,242.821,44.401,14.910,173,10,11,,
T,2022-02-09 08:08:44,47.53221222,18.48986894,12,242.804,44.401,15.030,171,9,10,,
T,2022-02-09 08:08:45,47.53207775,18.48987627,12,243.461,44.401,14.850,174,8,11,,
T,2022-02-09 08:08:46,47.53194729,18.48990966,12,243.363,44.401,14.800,171,9,11,,
T,2022-02-09 08:08:47,47.53181445,18.48992856,12,243.364,44.401,15.400,174,9,11,,
T,2022-02-09 08:08:48,47.53169236,18.48995660,12,243.071,44.401,14.430,172,9,11,,
T,2022-02-09 08:08:49,47.53156574,18.48999374,12,242.862,44.402,15.170,170,9,11,,
T,2022-02-09 08:08:50,47.53143891,18.49000365,12,241.088,44.402,14.870,174,10,11,,
T,2022-02-09 08:08:51,47.53132171,18.49003200,12,241.122,44.402,13.760,171,11,11,,
T,2022-02-09 08:08:52,47.53118558,18.49004383,11,243.001,44.402,14.410,171,11,11,,
T,2022-02-09 08:08:53,47.53104659,18.49008362,12,243.295,44.402,15.030,171,11,11,,
T,2022-02-09 08:08:54,47.53092257,18.49011232,12,241.205,44.402,14.210,173,11,11,,
T,2022-02-09 08:08:55,47.53078443,18.49013208,11,242.251,44.402,15.250,175,11,11,,
T,2022-02-09 08:08:56,47.53065004,18.49014316,11,241.958,44.402,14.440,176,10,11,,
T,2022-02-09 08:08:57,47.53052930,18.49016713,11,243.113,44.403,14.120,172,10,12,,
T,2022-02-09 08:08:58,47.53041194,18.49018414,12,243.474,44.403,13.220,171,11,12,,
T,2022-02-09 08:08:59,47.53029214,18.49020666,12,242.245,44.403,13.760,173,11,12,,
T,2022-02-09 08:09:00,47.53017826,18.49024443,11,240.698,44.403,13.420,172,11,12,,
T,2022-02-09 08:09:01,47.53003918,18.49027190,12,241.156,44.403,14.310,172,11,12,,
T,2022-02-09 08:09:02,47.52991350,18.49029823,12,240.540,44.403,13.220,174,11,12,,
T,2022-02-09 08:09:03,47.52979784,18.49031082,12,239.910,44.403,13.290,175,12,12,,
T,2022-02-09 08:09:04,47.52966901,18.49034320,12,238.941,44.403,13.740,167,12,12,,
T,2022-02-09 08:09:05,47.52953935,18.49036219,12,239.169,44.404,13.200,176,10,12,,
T,2022-02-09 08:09:06,47.52940475,18.49038039,12,239.081,44.404,13.840,176,10,12,,
T,2022-02-09 08:09:07,47.52928888,18.49040799,12,239.402,44.404,13.300,171,10,12,,
T,2022-02-09 08:09:08,47.52917749,18.49044527,12,237.590,44.404,13.030,171,9,12,,
T,2022-02-09 08:09:09,47.52906181,18.49047698,12,237.113,44.404,12.880,170,9,13,,
T,2022-02-09 08:09:10,47.52896406,18.49047900,12,236.239,44.404,11.890,175,11,13,,
T,2022-02-09 08:09:11,47.52885120,18.49050603,12,235.749,44.404,13.250,168,11,13,,
T,2022-02-09 08:09:12,47.52874216,18.49052011,12,234.579,44.404,12.400,172,11,13,,
T,2022-02-09 08:09:13,47.52863932,18.49054515,11,233.462,44.404,12.370,174,11,13,,
T,2022-02-09 08:09:14,47.52850199,18.49056525,11,233.361,44.405,13.410,171,11,14,,
T,2022-02-09 08:09:15,47.52839743,18.49057501,11,232.561,44.405,12.700,171,12,14,,
T,2022-02-09 08:09:16,47.52828370,18.49061009,12,234.478,44.405,12.550,170,10,14,,
T,2022-02-09 08:09:17,47.52816654,18.49061580,12,234.018,44.405,12.260,172,10,13,,
T,2022-02-09 08:09:18,47.52806949,18.49065474,12,233.964,44.405,11.610,166,10,13,,
T,2022-02-09 08:09:19,47.52794024,18.49067794,12,232.806,44.405,12.690,172,10,13,,
T,2022-02-09 08:09:20,47.52784032,18.49070557,13,233.107,44.405,12.010,168,10,13,,
T,2022-02-09 08:09:21,47.52772647,18.49072193,12,231.594,44.405,11.570,170,7,12,,
T,2022-02-09 08:09:22,47.52762037,18.49075855,12,232.071,44.405,11.890,171,8,12,,
T,2022-02-09 08:09:23,47.52751896,18.49079128,13,233.481,44.405,11.450,173,9,12,,
T,2022-02-09 08:09:24,47.52740388,18.49084002,12,233.318,44.406,12.790,163,9,12,,
T,2022-02-09 08:09:25,47.52730290,18.49088108,12,232.869,44.406,12.060,166,9,12,,
T,2022-02-09 08:09:26,47.52721135,18.49091528,12,233.076,44.406,11.870,168,9,12,,
T,2022-02-09 08:09:27,47.52710121,18.49097404,12,232.609,44.406,12.090,166,10,12,,
T,2022-02-09 08:09:28,47.52700325,18.49098123,12,232.858,44.406,11.590,173,9,11,,
T,2022-02-09 08:09:29,47.52692256,18.49100020,12,233.187,44.406,10.560,165,9,11,,
T,2022-02-09 08:09:30,47.52682572,18.49103619,12,234.092,44.406,11.080,165,9,11,,
T,2022-02-09 08:09:31,47.52673699,18.49106495,12,235.757,44.406,10.390,169,9,11,,
T,2022-02-09 08:09:32,47.52663500,18.49109538,13,236.278,44.406,11.850,171,9,11,,
T,2022-02-09 08:09:33,47.52655414,18.49113724,13,234.338,44.406,9.850,161,7,11,,
T,2022-02-09 08:09:34,47.52644446,18.49118292,12,234.656,44.406,12.070,164,8,11,,
T,2022-02-09 08:09:35,47.52637365,18.49121079,12,235.173,44.407,9.750,165,8,11,,
T,2022-02-09 08:09:36,47.52627533,18.49125645,12,235.254,44.407,10.160,165,8,11,,
T,2022-02-09 08:09:37,47.52619856,18.49129454,12,233.345,44.407,10.280,166,9,11,,
T,2022-02-09 08:09:38,47.52610469,18.49133191,12,231.394,44.407,10.570,161,10,11,,
T,2022-02-09 08:09:39,47.52601415,18.49136300,12,231.741,44.407,10.760,162,10,11,,
T,2022-02-09 08:09:40,47.52592123,18.49139468,12,232.259,44.407,9.540,165,9,11,,
T,2022-02-09 08:09:41,47.52582533,18.49145284,12,230.345,44.407,10.520,164,9,11,,
T,2022-02-09 08:09:42,47.52573538,18.49149982,12,229.542,44.407,10.090,163,9,12,,
T,2022-02-09 08:09:43,47.52564020,18.49155373,12,228.885,44.407,9.860,157,10,12,,
T,2022-02-09 08:09:44,47.52554393,18.49159173,12,229.475,44.407,10.660,161,10,12,,
T,2022-02-09 08:09:45,47.52544836,18.49163131,12,231.602,44.407,10.820,162,11,12,,
T,2022-02-09 08:09:46,47.52537431,18.49165539,13,233.233,44.407,9.370,168,12,12,,
T,2022-02-09 08:09:47,47.52529725,18.49173311,13,231.275,44.407,9.830,153,12,12,,
T,2022-02-09 08:09:48,47.52521073,18.49178317,13,231.334,44.407,10.210,159,12,12,,
T,2022-02-09 08:09:49,47.52512941,18.49182185,13,232.246,44.408,9.490,164,11,12,,
T,2022-02-09 08:09:50,47.52505657,18.49186935,13,231.483,44.408,9.270,161,10,12,,
T,2022-02-09 08:09:51,47.52497525,18.49190354,13,232.184,44.408,9.800,160,11,13,,
T,2022-02-09 08:09:52,47.52487897,18.49195745,12,232.967,44.408,9.770,158,11,13,,
T,2022-02-09 08:09:53,47.52480560,18.49199618,13,234.780,44.408,9.070,157,11,13,,
T,2022-02-09 08:09:54,47.52473627,18.49204056,13,235.087,44.408,9.120,158,11,13,,
T,2022-02-09 08:09:55,47.52465055,18.49210783,12,236.016,44.408,9.870,157,11,13,,
T,2022-02-09 08:09:56,47.52458108,18.49213338,12,236.310,44.408,8.670,160,12,13,,
T,2022-02-09 08:09:57,47.52449391,18.49217224,13,236.820,44.408,9.130,158,12,13,,
T,2022-02-09 08:09:58,47.52443048,18.49221057,13,236.065,44.408,8.590,157,11,13,,
T,2022-02-09 08:09:59,47.52437397,18.49225668,13,235.672,44.408,8.540,157,11,13,,
T,2022-02-09 08:10:00,47.52429364,18.49230923,12,234.193,44.408,9.210,161,11,13,,
T,2022-02-09 08:10:01,47.52423353,18.49238009,12,230.884,44.408,8.060,158,11,13,,
T,2022-02-09 08:10:02,47.52417657,18.49241591,13,230.058,44.408,7.950,154,11,13,,
T,2022-02-09 08:10:03,47.52409923,18.49240335,13,231.664,44.408,8.430,167,11,13,,
T,2022-02-09 08:10:04,47.52402149,18.49244775,13,233.295,44.408,8.940,157,12,13,,
T,2022-02-09 08:10:05,47.52394101,18.49249580,13,233.294,44.409,7.790,159,12,13,,
T,2022-02-09 08:10:06,47.52386003,18.49253279,13,232.882,44.409,9.380,159,12,13,,
T,2022-02-09 08:10:07,47.52379809,18.49259504,12,231.882,44.409,8.790,149,12,13,,
T,2022-02-09 08:10:08,47.52372824,18.49262325,13,232.736,44.409,8.270,159,12,13,,
T,2022-02-09 08:10:09,47.52365856,18.49266925,13,232.925,44.409,8.170,154,12,13,,
T,2022-02-09 08:10:10,47.52359533,18.49273723,13,233.082,44.409,8.310,154,11,13,,
T,2022-02-09 08:10:11,47.52353189,18.49278438,13,234.768,44.409,8.070,156,11,13,,
T,2022-02-09 08:10:12,47.52346076,18.49282690,13,235.935,44.409,8.060,160,11,13,,
T,2022-02-09 08:10:13,47.52338734,18.49286994,13,235.976,44.409,8.390,156,10,13,,
T,2022-02-09 08:10:14,47.52332711,18.49292473,13,236.796,44.409,6.990,157,12,13,,
T,2022-02-09 08:10:15,47.52324259,18.49294265,13,237.100,44.409,8.240,161,12,13,,
T,2022-02-09 08:10:16,47.52316581,18.49296986,13,236.935,44.409,7.830,157,12,13,,
T,2022-02-09 08:10:17,47.52310610,18.49300972,12,237.688,44.409,8.290,156,12,13,,
T,2022-02-09 08:10:18,47.52302765,18.49303364,12,238.654,44.409,7.590,160,12,13,,
T,2022-02-09 08:10:19,47.52295481,18.49305705,12,237.189,44.409,8.360,163,12,13,,
T,2022-02-09 08:10:20,47.52287865,18.49306131,12,236.296,44.409,7.770,166,12,13,,
T,2022-02-09 08:10:21,47.52280118,18.49308856,12,234.948,44.409,7.900,161,12,13,,
T,2022-02-09 08:10:22,47.52272660,18.49315241,12,237.742,44.410,8.090,155,12,13,,
T,2022-02-09 08:10:23,47.52267790,18.49318549,12,234.786,44.410,7.500,155,12,13,,
T,2022-02-09 08:10:24,47.52261465,18.49322832,12,234.971,44.410,8.240,165,12,13,,
T,2022-02-09 08:10:25,47.52254583,18.49325788,12,234.371,44.410,7.300,159,12,12,,
T,2022-02-09 08:10:26,47.52248249,18.49328469,12,233.305,44.410,7.450,163,12,12,,
T,2022-02-09 08:10:27,47.52242001,18.49330958,12,233.569,44.410,7.370,165,12,12,,
T,2022-02-09 08:10:28,47.52235704,18.49336149,12,232.430,44.410,6.930,164,12,12,,
T,2022-02-09 08:10:29,47.52228222,18.49341631,12,230.736,44.410,7.870,153,12,13,,
T,2022-02-09 08:10:30,47.52221658,18.49346513,12,232.815,44.410,8.050,159,13,13,,
T,2022-02-09 08:10:31,47.52215050,18.49352429,12,233.138,44.410,7.710,156,13,13,,
T,2022-02-09 08:10:32,47.52209133,18.49353129,12,232.820,44.410,7.500,169,13,13,,
T,2022-02-09 08:10:33,47.52202707,18.49355730,12,232.857,44.410,7.210,161,12,13,,
T,2022-02-09 08:10:34,47.52197032,18.49360166,12,232.562,44.410,7.250,156,12,13,,
T,2022-02-09 08:10:35,47.52189930,18.49361976,12,231.863,44.410,7.330,165,12,13,,
T,2022-02-09 08:10:36,47.52186993,18.49368396,12,227.782,44.410,6.130,147,11,13,,
T,2022-02-09 08:10:37,47.52179545,18.49371308,12,229.624,44.410,7.110,157,11,13,,
T,2022-02-09 08:10:38,47.52172925,18.49375906,13,228.299,44.410,7.370,154,11,13,,
T,2022-02-09 08:10:39,47.52168281,18.49379696,13,227.723,44.410,6.420,152,13,13,,
T,2022-02-09 08:10:40,47.52162039,18.49381457,13,228.848,44.410,7.200,163,13,13,,
T,2022-02-09 08:10:41,47.52156557,18.49387985,13,227.314,44.410,7.230,161,13,13,,
T,2022-02-09 08:10:42,47.52151128,18.49391182,13,227.094,44.410,6.760,163,13,13,,
T,2022-02-09 08:10:43,47.52143570,18.49393140,13,228.813,44.411,7.300,159,12,13,,
T,2022-02-09 08:10:44,47.52137541,18.49395425,12,229.772,44.411,6.570,162,13,13,,
T,2022-02-09 08:10:45,47.52130748,18.49396621,12,230.017,44.411,6.510,161,12,13,,
T,2022-02-09 08:10:46,47.52125064,18.49397878,12,231.387,44.411,6.630,161,12,13,,
T,2022-02-09 08:10:47,47.52119064,18.49401256,12,232.405,44.411,6.590,162,13,13,,
T,2022-02-09 08:10:48,47.52113054,18.49404938,12,232.008,44.411,7.250,159,13,13,,
T,2022-02-09 08:10:49,47.52107415,18.49408214,11,230.278,44.411,6.330,160,12,13,,
T,2022-02-09 08:10:50,47.52102713,18.49413172,12,230.194,44.411,6.520,150,13,14,,
T,2022-02-09 08:10:51,47.52098717,18.49414436,12,230.651,44.411,6.130,165,14,14,,
T,2022-02-09 08:10:52,47.52093687,18.49416985,12,230.781,44.411,5.910,156,13,14,,
T,2022-02-09 08:10:53,47.52088616,18.49420424,12,231.386,44.411,4.880,158,13,14,,
T,2022-02-09 08:10:54,47.52082848,18.49422812,12,232.160,44.411,6.750,166,13,14,,
T,2022-02-09 08:10:55,47.52078903,18.49424779,12,231.457,44.411,6.240,155,13,14,,
T,2022-02-09 08:10:56,47.52074204,18.49427708,12,230.929,44.411,6.850,160,13,14,,
T,2022-02-09 08:10:57,47.52068589,18.49432477,12,232.885,44.411,6.370,156,13,14,,
T,2022-02-09 08:10:58,47.52063167,18.49435648,12,234.948,44.411,6.710,161,12,14,,
T,2022-02-09 08:10:59,47.52057551,18.49438582,12,235.151,44.411,6.440,163,13,14,,
T,2022-02-09 08:11:00,47.52051142,18.49442681,12,236.318,44.411,6.470,155,12,14,,
T,2022-02-09 08:11:01,47.52046015,18.49444503,12,236.247,44.411,5.560,161,12,14,,
T,2022-02-09 08:11:02,47.52039850,18.49447207,12,236.704,44.411,6.820,169,12,14,,
T,2022-02-09 08:11:03,47.52035651,18.49449793,12,236.493,44.411,6.130,153,13,14,,
T,2022-02-09 08:11:04,47.52029082,18.49452983,12,238.976,44.411,6.960,163,13,14,,
T,2022-02-09 08:11:05,47.52023456,18.49457363,12,240.574,44.411,6.080,156,12,14,,
T,2022-02-09 08:11:06,47.52017812,18.49459327,11,240.276,44.412,6.430,164,12,14,,
T,2022-02-09 08:11:07,47.52011345,18.49461526,11,240.972,44.412,6.620,168,12,13,,
T,2022-02-09 08:11:08,47.52005530,18.49463728,11,241.932,44.412,6.080,161,12,13,,
T,2022-02-09 08:11:09,47.52000271,18.49466807,11,242.185,44.412,5.800,160,11,13,,
T,2022-02-09 08:11:10,47.51994556,18.49468738,11,241.893,44.412,5.640,165,11,13,,
T,2022-02-09 08:11:11,47.51989305,18.49472456,11,242.024,44.412,6.200,155,12,13,,
T,2022-02-09 08:11:12,47.51983693,18.49475505,11,243.241,44.412,6.340,155,12,13,,
T,2022-02-09 08:11:13,47.51979280,18.49480685,11,242.619,44.412,6.200,153,12,13,,
T,2022-02-09 08:11:14,47.51974003,18.49484203,12,245.119,44.412,6.060,155,12,13,,
T,2022-02-09 08:11:15,47.51969049,18.49487111,12,243.615,44.412,5.890,157,12,13,,
T,2022-02-09 08:11:16,47.51964147,18.49490855,12,243.137,44.412,6.130,156,12,13,,
T,2022-02-09 08:11:17,47.51958280,18.49494615,12,242.921,44.412,5.890,161,11,13,,
T,2022-02-09 08:11:18,47.51952616,18.49498802,12,243.673,44.412,6.070,160,11,13,,
T,2022-02-09 08:11:19,47.51948565,18.49501472,12,244.518,44.412,4.500,161,12,13,,
T,2022-02-09 08:11:20,47.51943416,18.49503815,12,244.016,44.412,4.900,156,13,13,,
T,2022-02-09 08:11:21,47.51939448,18.49505792,12,243.051,44.412,4.620,157,12,13,,
T,2022-02-09 08:11:22,47.51937178,18.49506931,12,241.701,44.412,3.200,141,12,13,,
T,2022-02-09 08:11:23,47.51934496,18.49508408,12,241.250,44.412,2.810,152,12,13,,
T,2022-02-09 08:11:24,47.51934309,18.49509048,12,241.946,44.412,1.070,126,12,13,,
T,2022-02-09 08:11:25,47.51932956,18.49509541,12,241.997,44.412,1.880,167,11,13,,
T,2022-02-09 08:11:26,47.51932675,18.49509432,12,241.615,44.412,0.550,157,10,13,,
T,2022-02-09 08:11:27,47.51933042,18.49510021,12,241.440,44.412,0.000,,12,13,,
T,2022-02-09 08:11:28,47.51933796,18.49511051,12,240.371,44.412,0.500,156,12,13,,
T,2022-02-09 08:11:29,47.51934057,18.49511388,12,240.582,44.412,0.370,157,12,13,,
T,2022-02-09 08:11:30,47.51934336,18.49511844,12,240.595,44.412,0.590,156,12,13,,
T,2022-02-09 08:11:31,47.51934553,18.49511994,12,241.427,44.412,0.540,157,12,13,,
T,2022-02-09 08:11:32,47.51935285,18.49513019,12,242.057,44.412,1.440,34,12,13,,
T,2022-02-09 08:11:33,47.51935528,18.49512690,12,242.860,44.412,0.000,,11,13,,
T,2022-02-09 08:11:34,47.51935733,18.49511594,12,242.296,44.412,0.510,341,11,13,,
T,2022-02-09 08:11:35,47.51935672,18.49510940,12,241.192,44.412,0.190,157,11,13,,
T,2022-02-09 08:11:36,47.51936287,18.49509925,12,240.761,44.412,0.650,331,11,13,,
T,2022-02-09 08:11:37,47.51936056,18.49508758,12,239.651,44.412,0.300,157,11,13,,
T,2022-02-09 08:11:38,47.51935981,18.49506729,12,239.751,44.412,0.000,,11,13,,
T,2022-02-09 08:11:39,47.51936018,18.49506339,12,239.539,44.412,0.000,,12,12,,
T,2022-02-09 08:11:40,47.51935926,18.49505961,11,240.051,44.412,0.000,,12,12,,
T,2022-02-09 08:11:41,47.51935676,18.49505483,11,239.931,44.412,0.000,,12,12,,
T,2022-02-09 08:11:42,47.51935694,18.49505632,11,240.535,44.412,0.000,,12,12,,
T,2022-02-09 08:11:43,47.51935565,18.49505480,11,240.451,44.412,0.000,,12,12,,
T,2022-02-09 08:11:44,47.51935422,18.49505070,11,240.281,44.412,0.000,,12,12,,
T,2022-02-09 08:11:45,47.51935366,18.49505530,11,240.565,44.412,0.000,,11,12,,
T,2022-02-09 08:11:46,47.51934989,18.49505456,11,240.405,44.412,0.000,,11,12,,
T,2022-02-09 08:11:47,47.51934960,18.49505301,11,239.962,44.412,0.000,,11,12,,
T,2022-02-09 08:11:48,47.51934894,18.49505168,11,239.791,44.412,0.000,,11,12,,
T,2022-02-09 08:11:49,47.51934869,18.49504833,11,239.968,44.412,0.000,,11,12,,
T,2022-02-09 08:11:50,47.51934736,18.49504674,11,240.266,44.412,0.000,,11,12,,
T,2022-02-09 08:11:51,47.51934721,18.49504638,11,240.193,44.412,0.000,,12,12,,
T,2022-02-09 08:11:52,47.51934736,18.49504626,11,240.135,44.412,0.000,,12,12,,
T,2022-02-09 08:11:53,47.51934761,18.49504733,11,240.017,44.412,0.000,,12,12,,
T,2022-02-09 08:11:54,47.51934768,18.49504766,11,240.015,44.412,0.000,,12,12,,
T,2022-02-09 08:11:55,47.51934711,18.49504722,11,240.137,44.412,0.000,,12,12,,
T,2022-02-09 08:11:56,47.51934710,18.49504734,11,240.083,44.412,0.000,,12,12,,
T,2022-02-09 08:11:57,47.51934657,18.49504479,11,240.344,44.412,0.000,,12,12,,
T,2022-02-09 08:11:58,47.51934688,18.49504526,11,240.242,44.412,0.000,,12,12,,
T,2022-02-09 08:11:59,47.51934760,18.49504353,11,240.224,44.412,0.000,,12,12,,
T,2022-02-09 08:12:00,47.51934777,18.49504309,11,240.224,44.412,0.000,,12,12,,
T,2022-02-09 08:12:01,47.51934763,18.49504309,11,240.261,44.412,0.000,,12,12,,
T,2022-02-09 08:12:02,47.51934750,18.49504254,11,240.309,44.412,0.000,,12,12,,
T,2022-02-09 08:12:03,47.51934747,18.49504240,11,240.299,44.412,0.000,,11,12,,
T,2022-02-09 08:12:04,47.51934745,18.49504238,11,240.298,44.412,0.000,,11,12,,
T,2022-02-09 08:12:05,47.51934739,18.49504240,11,240.308,44.412,0.000,,10,12,,
T,2022-02-09 08:12:06,47.51934733,18.49504217,11,240.328,44.412,0.000,,10,12,,
T,2022-02-09 08:12:07,47.51934730,18.49504212,11,240.330,44.412,0.000,,10,12,,
T,2022-02-09 08:12:08,47.51934728,18.49504214,11,240.326,44.412,0.000,,10,12,,
T,2022-02-09 08:12:09,47.51934726,18.49504207,11,240.329,44.412,0.000,,11,12,,
T,2022-02-09 08:12:10,47.51934724,18.49504203,11,240.328,44.412,0.000,,12,12,,
T,2022-02-09 08:12:11,47.51934720,18.49504203,11,240.333,44.412,0.000,,12,12,,
T,2022-02-09 08:12:12,47.51934721,18.49504198,11,240.327,44.412,0.000,,12,12,,
T,2022-02-09 08:12:13,47.51934713,18.49504174,11,240.357,44.412,0.000,,11,12,,
T,2022-02-09 08:12:14,47.51934718,18.49504205,11,240.318,44.412,0.000,,11,12,,
T,2022-02-09 08:12:15,47.51934719,18.49504205,11,240.322,44.412,0.000,,12,12,,
T,2022-02-09 08:12:16,47.51934721,18.49504204,11,240.314,44.412,0.000,,11,12,,
T,2022-02-09 08:12:17,47.51934705,18.49504112,11,240.404,44.412,0.000,,11,12,,
T,2022-02-09 08:12:18,47.51934698,18.49504083,11,240.405,44.412,0.000,,11,12,,
T,2022-02-09 08:12:19,47.51934696,18.49504078,11,240.393,44.412,0.000,,11,12,,
T,2022-02-09 08:12:20,47.51934695,18.49504074,11,240.401,44.412,0.000,,10,12,,
T,2022-02-09 08:12:21,47.51934695,18.49504075,11,240.396,44.412,0.000,,10,12,,
T,2022-02-09 08:12:22,47.51934692,18.49504072,11,240.405,44.412,0.000,,11,12,,
T,2022-02-09 08:12:23,47.51934694,18.49504069,12,240.399,44.412,0.000,,11,12,,
T,2022-02-09 08:12:24,47.51934692,18.49504066,12,240.405,44.412,0.000,,10,12,,
T,2022-02-09 08:12:25,47.51934692,18.49504076,13,240.401,44.412,0.000,,10,12,,
T,2022-02-09 08:12:26,47.51934692,18.49504083,13,240.398,44.412,0.000,,11,12,,
T,2022-02-09 08:12:27,47.51934688,18.49504079,13,240.406,44.412,0.000,,11,12,,
T,2022-02-09 08:12:28,47.51934687,18.49504079,14,240.405,44.412,0.000,,11,13,,
T,2022-02-09 08:12:29,47.51934687,18.49504082,14,240.399,44.412,0.000,,12,13,,
T,2022-02-09 08:12:30,47.51934684,18.49504080,15,240.412,44.412,0.000,,12,13,,
T,2022-02-09 08:12:31,47.51934640,18.49504140,14,240.311,44.412,0.000,,12,13,,
T,2022-02-09 08:12:32,47.51934626,18.49504154,15,240.317,44.412,0.000,,11,13,,
T,2022-02-09 08:12:33,47.51934664,18.49504085,15,240.436,44.412,0.000,,11,13,,
T,2022-02-09 08:12:34,47.51934673,18.49504066,13,240.439,44.412,0.000,,11,13,,
T,2022-02-09 08:12:35,47.51934676,18.49504060,13,240.430,44.412,0.000,,11,13,,
T,2022-02-09 08:12:36,47.51934674,18.49504055,13,240.430,44.412,0.000,,11,12,,
T,2022-02-09 08:12:37,47.51934682,18.49504042,14,240.441,44.412,0.000,,11,12,,
T,2022-02-09 08:12:38,47.51934682,18.49504036,13,240.436,44.412,0.000,,11,12,,
T,2022-02-09 08:12:39,47.51934680,18.49504034,13,240.427,44.412,0.000,,12,12,,
T,2022-02-09 08:12:40,47.51934678,18.49504026,13,240.429,44.412,0.000,,12,12,,
T,2022-02-09 08:12:41,47.51934676,18.49504021,13,240.439,44.412,0.000,,12,12,,
T,2022-02-09 08:12:42,47.51934666,18.49504041,13,240.402,44.412,0.000,,12,12,,
T,2022-02-09 08:12:43,47.51934662,18.49504046,13,240.405,44.412,0.000,,12,12,,
T,2022-02-09 08:12:44,47.51934660,18.49504043,13,240.401,44.412,0.000,,11,12,,
T,2022-02-09 08:12:45,47.51934660,18.49504036,13,240.408,44.412,0.000,,11,12,,
T,2022-02-09 08:12:46,47.51934660,18.49504034,13,240.409,44.412,0.000,,11,12,,
T,2022-02-09 08:12:47,47.51934686,18.49503984,13,240.481,44.412,0.000,,11,12,,
T,2022-02-09 08:12:48,47.51934690,18.49503975,14,240.480,44.412,0.000,,11,12,,
T,2022-02-09 08:12:49,47.51934710,18.49503935,14,240.545,44.412,0.000,,11,12,,
T,2022-02-09 08:12:50,47.51934713,18.49503927,14,240.540,44.412,0.000,,11,12,,
T,2022-02-09 08:12:51,47.51934714,18.49503924,13,240.549,44.412,0.000,,11,12,,
T,2022-02-09 08:12:52,47.51934713,18.49503925,13,240.548,44.412,0.000,,11,12,,
T,2022-02-09 08:12:53,47.51934735,18.49503878,13,240.627,44.412,0.000,,11,12,,
T,2022-02-09 08:12:54,47.51934741,18.49503864,13,240.627,44.412,0.000,,11,12,,
T,2022-02-09 08:12:55,47.51934743,18.49503858,13,240.634,44.412,0.000,,11,12,,
T,2022-02-09 08:12:56,47.51934744,18.49503857,13,240.634,44.412,0.000,,11,11,,
T,2022-02-09 08:12:57,47.51934742,18.49503852,13,240.637,44.412,0.000,,11,11,,
T,2022-02-09 08:12:58,47.51934756,18.49503815,13,240.692,44.412,0.000,,11,11,,
T,2022-02-09 08:12:59,47.51934759,18.49503804,13,240.691,44.412,0.000,,11,11,,
T,2022-02-09 08:13:00,47.51934759,18.49503800,13,240.694,44.412,0.000,,10,11,,
T,2022-02-09 08:13:01,47.51934761,18.49503796,14,240.690,44.412,0.000,,10,11,,
T,2022-02-09 08:13:02,47.51934780,18.49503750,15,240.769,44.412,0.000,,10,11,,
T,2022-02-09 08:13:03,47.51934784,18.49503737,14,240.777,44.412,0.000,,10,11,,
T,2022-02-09 08:13:04,47.51934784,18.49503732,15,240.775,44.412,0.000,,10,11,,
T,2022-02-09 08:13:05,47.51934783,18.49503731,15,240.783,44.412,0.000,,10,12,,
T,2022-02-09 08:13:06,47.51934774,18.49503747,14,240.769,44.412,0.000,,12,12,,
T,2022-02-09 08:13:07,47.51934767,18.49503748,14,240.775,44.412,0.000,,12,12,,
T,2022-02-09 08:13:08,47.51934760,18.49503746,14,240.783,44.412,0.000,,12,12,,
T,2022-02-09 08:13:09,47.51923865,18.49514812,14,241.980,44.412,6.330,145,12,12,,
T,2022-02-09 08:13:10,47.51917297,18.49516821,14,239.690,44.412,4.280,152,12,12,,
T,2022-02-09 08:13:11,47.51910784,18.49521922,13,239.117,44.412,5.070,150,12,12,,
T,2022-02-09 08:13:12,47.51906929,18.49530789,13,242.067,44.412,5.300,140,11,12,,
T,2022-02-09 08:13:13,47.51901963,18.49536082,14,243.251,44.412,5.340,144,10,12,,
T,2022-02-09 08:13:14,47.51891893,18.49531898,14,243.020,44.413,6.320,163,11,12,,
T,2022-02-09 08:13:15,47.51880375,18.49533115,14,245.545,44.413,7.220,160,11,12,,
T,2022-02-09 08:13:16,47.51875007,18.49542638,14,245.689,44.413,7.160,154,11,12,,
T,2022-02-09 08:13:17,47.51873959,18.49554223,14,245.085,44.413,6.550,140,11,12,,
T,2022-02-09 08:13:18,47.51872736,18.49559514,15,245.832,44.413,5.470,139,11,12,,
T,2022-02-09 08:13:19,47.51868032,18.49558227,14,246.867,44.413,5.480,149,11,12,,
T,2022-02-09 08:13:20,47.51862171,18.49553906,15,246.648,44.413,5.630,161,10,12,,
T,2022-02-09 08:13:21,47.51859326,18.49554760,15,247.236,44.413,5.150,161,10,12,,
T,2022-02-09 08:13:22,47.51855339,18.49554515,15,247.174,44.413,4.930,166,10,12,,
T,2022-02-09 08:13:23,47.51851272,18.49558319,14,248.362,44.413,6.030,154,10,12,,
T,2022-02-09 08:13:24,47.51843504,18.49558625,14,247.714,44.413,6.620,161,10,12,,
T,2022-02-09 08:13:25,47.51837015,18.49562287,14,249.117,44.413,6.910,158,10,12,,
T,2022-02-09 08:13:26,47.51826671,18.49563761,13,247.276,44.413,7.630,163,10,12,,
T,2022-02-09 08:13:27,47.51817577,18.49562850,14,246.559,44.413,7.820,167,10,13,,
T,2022-02-09 08:13:28,47.51811594,18.49567936,14,248.635,44.413,8.030,159,11,13,,
T,2022-02-09 08:13:29,47.51802998,18.49573540,14,246.751,44.413,8.990,159,11,12,,
T,2022-02-09 08:13:30,47.51791908,18.49569412,14,244.519,44.413,9.370,172,11,12,,
T,2022-02-09 08:13:31,47.51785869,18.49570761,14,245.323,44.413,8.440,166,12,12,,
T,2022-02-09 08:13:32,47.51776254,18.49583839,14,249.894,44.413,10.440,153,12,13,,
T,2022-02-09 08:13:33,47.51765900,18.49583122,14,252.116,44.414,10.070,164,13,13,,
T,2022-02-09 08:13:34,47.51758543,18.49593145,14,252.524,44.414,9.940,155,12,13,,
T,2022-02-09 08:13:35,47.51748279,18.49595373,14,249.867,44.414,9.990,163,12,13,,
T,2022-02-09 08:13:36,47.51737963,18.49597892,14,250.147,44.414,10.410,164,12,13,,
T,2022-02-09 08:13:37,47.51732251,18.49602060,14,249.180,44.414,9.520,160,12,13,,
T,2022-02-09 08:13:38,47.51724529,18.49612015,14,250.155,44.414,10.090,154,12,13,,
T,2022-02-09 08:13:39,47.51716453,18.49608674,15,248.236,44.414,9.380,168,12,13,,
T,2022-02-09 08:13:40,47.51702868,18.49610410,15,248.415,44.414,11.260,168,11,13,,
T,2022-02-09 08:13:41,47.51694760,18.49626670,15,247.859,44.414,11.600,151,11,13,,
T,2022-02-09 08:13:42,47.51688788,18.49626098,15,247.599,44.414,10.110,159,11,14,,
T,2022-02-09 08:13:43,47.51679200,18.49631958,13,246.795,44.414,10.880,156,13,14,,
T,2022-02-09 08:13:44,47.51672639,18.49641036,13,244.476,44.414,10.760,155,13,14,,
T,2022-02-09 08:13:45,47.51657305,18.49635698,14,243.891,44.414,11.550,164,13,14,,
T,2022-02-09 08:13:46,47.51646972,18.49648145,14,244.192,44.415,11.940,156,12,14,,
T,2022-02-09 08:13:47,47.51636965,18.49658026,14,244.794,44.415,12.210,154,13,14,,
T,2022-02-09 08:13:48,47.51628053,18.49663336,15,243.748,44.415,11.540,157,13,14,,
T,2022-02-09 08:13:49,47.51619747,18.49663798,15,243.496,44.415,10.770,162,12,13,,
T,2022-02-09 08:13:50,47.51609683,18.49671766,15,244.146,44.415,11.650,156,13,13,,
T,2022-02-09 08:13:51,47.51607160,18.49677989,16,244.246,44.415,9.560,151,13,13,,
T,2022-02-09 08:13:52,47.51599519,18.49684082,16,245.268,44.415,10.390,153,13,13,,
T,2022-02-09 08:13:53,47.51590820,18.49680902,16,245.499,44.415,9.780,164,12,13,,
T,2022-02-09 08:13:54,47.51578341,18.49686729,16,247.514,44.415,11.460,160,12,13,,
T,2022-02-09 08:13:55,47.51566981,18.49693176,16,245.205,44.415,11.720,160,13,13,,
T,2022-02-09 08:13:56,47.51561042,18.49709393,16,244.162,44.415,11.680,149,12,13,,
T,2022-02-09 08:13:57,47.51544026,18.49723579,15,243.145,44.415,14.480,151,12,13,,
T,2022-02-09 08:13:58,47.51534086,18.49724027,15,242.943,44.415,12.230,160,12,13,,
T,2022-02-09 08:13:59,47.51520918,18.49729828,15,244.109,44.415,13.010,159,12,13,,
T,2022-02-09 08:14:00,47.51509988,18.49730697,16,243.520,44.416,12.520,164,12,13,,
T,2022-02-09 08:14:01,47.51500037,18.49736408,14,241.611,44.416,13.000,159,11,13,,
T,2022-02-09 08:14:02,47.51486679,18.49739687,14,241.147,44.416,13.830,162,12,13,,
T,2022-02-09 08:14:03,47.51475074,18.49742286,13,240.547,44.416,13.710,157,12,13,,
T,2022-02-09 08:14:04,47.51461082,18.49750047,13,240.580,44.416,14.080,158,11,13,,
T,2022-02-09 08:14:05,47.51449238,18.49756395,13,238.211,44.416,13.460,159,11,13,,
T,2022-02-09 08:14:06,47.51438746,18.49761459,13,237.046,44.416,14.300,162,11,13,,
T,2022-02-09 08:14:07,47.51427725,18.49769958,13,236.840,44.416,13.980,160,11,13,,
T,2022-02-09 08:14:08,47.51419579,18.49776821,12,235.487,44.416,13.190,158,10,13,,
T,2022-02-09 08:14:09,47.51407637,18.49786578,13,236.223,44.416,15.100,160,11,13,,
T,2022-02-09 08:14:10,47.51394399,18.49793126,12,235.756,44.416,15.160,162,11,13,,
T,2022-02-09 08:14:11,47.51381914,18.49800196,13,234.164,44.417,14.870,161,11,13,,
T,2022-02-09 08:14:12,47.51368192,18.49808957,14,236.030,44.417,15.630,160,11,13,,
T,2022-02-09 08:14:13,47.51356236,18.49812909,15,234.243,44.417,14.480,162,11,13,,
T,2022-02-09 08:14:14,47.51342101,18.49819950,13,235.528,44.417,15.970,161,11,13,,
T,2022-02-09 08:14:15,47.51330204,18.49828558,14,234.612,44.417,15.430,160,10,12,,
T,2022-02-09 08:14:16,47.51317648,18.49831061,15,235.730,44.417,14.960,162,10,12,,
T,2022-02-09 08:14:17,47.51306812,18.49842119,14,232.818,44.417,15.450,158,11,12,,
T,2022-02-09 08:14:18,47.51292238,18.49846557,13,233.270,44.417,15.520,159,11,12,,
T,2022-02-09 08:14:19,47.51278525,18.49856415,14,233.096,44.417,16.170,158,11,12,,
T,2022-02-09 08:14:20,47.51263943,18.49864437,14,231.626,44.418,16.280,159,10,11,,
T,2022-02-09 08:14:21,47.51248471,18.49868492,14,232.969,44.418,16.910,160,10,11,,
T,2022-02-09 08:14:22,47.51234871,18.49880723,14,232.795,44.418,16.990,158,10,11,,
T,2022-02-09 08:14:23,47.51222102,18.49893361,14,231.937,44.418,17.280,156,10,11,,
T,2022-02-09 08:14:24,47.51210024,18.49898464,15,231.884,44.418,16.130,158,11,11,,
T,2022-02-09 08:14:25,47.51191655,18.49902378,15,232.145,44.418,17.420,161,11,11,,
T,2022-02-09 08:14:26,47.51174691,18.49912085,15,231.951,44.418,18.000,160,11,11,,
T,2022-02-09 08:14:27,47.51163291,18.49934942,16,234.860,44.418,18.600,153,11,11,,
T,2022-02-09 08:14:28,47.51145933,18.49941194,15,234.739,44.418,18.520,155,11,11,,
T,2022-02-09 08:14:29,47.51129858,18.49951543,16,234.663,44.418,18.810,155,11,11,,
T,2022-02-09 08:14:30,47.51113251,18.49966436,16,235.223,44.419,19.690,154,11,11,,
T,2022-02-09 08:14:31,47.51095280,18.49977998,17,235.025,44.419,19.810,154,11,11,,
T,2022-02-09 08:14:32,47.51079956,18.49988306,20,235.095,44.419,19.340,155,11,11,,
T,2022-02-09 08:14:33,47.51062202,18.50002510,21,235.910,44.419,19.890,154,11,11,,
T,2022-02-09 08:14:34,47.51043381,18.50013793,20,236.238,44.419,20.290,155,11,11,,
T,2022-02-09 08:14:35,47.51029862,18.50029394,16,235.408,44.419,20.550,155,11,11,,
T,2022-02-09 08:14:36,47.51014210,18.50042203,15,237.603,44.419,20.590,154,10,11,,
T,2022-02-09 08:14:37,47.50997745,18.50049258,17,237.318,44.419,20.250,155,10,11,,
T,2022-02-09 08:14:38,47.50977363,18.50057941,19,237.057,44.419,21.470,156,10,11,,
T,2022-02-09 08:14:39,47.50959767,18.50071073,20,238.125,44.419,21.560,156,10,11,,
T,2022-02-09 08:14:40,47.50942542,18.50080187,25,238.885,44.419,21.310,156,10,11,,
T,2022-02-09 08:14:41,47.50926559,18.50088719,28,238.535,44.420,20.740,157,10,11,,
T,2022-02-09 08:14:42,47.50908467,18.50100380,29,238.205,44.420,20.980,157,10,11,,
T,2022-02-09 08:14:43,47.50898354,18.50115133,27,236.437,44.420,19.790,155,8,11,,
T,2022-02-09 08:14:44,47.50881161,18.50124871,26,237.888,44.420,19.880,155,8,11,,
T,2022-02-09 08:14:45,47.50855591,18.50139014,26,237.089,44.420,22.060,155,9,11,,
T,2022-02-09 08:14:46,47.50832304,18.50147889,27,236.040,44.420,22.840,157,8,11,,
T,2022-02-09 08:14:47,47.50813421,18.50154576,30,234.821,44.420,22.530,158,8,11,,
T,2022-02-09 08:14:48,47.50788818,18.50173025,27,235.195,44.420,24.370,157,9,11,,
T,2022-02-09 08:14:49,47.50773880,18.50187607,24,235.032,44.420,23.480,156,9,11,,
T,2022-02-09 08:14:50,47.50755304,18.50207908,24,237.812,44.420,24.350,153,9,11,,
T,2022-02-09 08:14:51,47.50738294,18.50224219,22,236.919,44.420,23.960,152,8,11,,
T,2022-02-09 08:14:52,47.50727853,18.50252443,24,238.410,44.420,23.560,148,9,11,,
T,2022-02-09 08:14:53,47.50715425,18.50274105,24,238.513,44.420,23.070,145,9,10,,
T,2022-02-09 08:14:54,47.50695540,18.50294462,22,236.841,44.420,23.840,145,8,10,,
T,2022-02-09 08:14:55,47.50680001,18.50321963,23,235.547,44.420,24.520,142,8,10,,
T,2022-02-09 08:14:56,47.50657923,18.50334410,26,232.887,44.420,24.560,145,9,10,,
T,2022-02-09 08:14:57,47.50638515,18.50345158,25,233.527,44.420,23.940,147,9,10,,
