type,date time,latitude,longitude,accuracy(m),altitude(m),geoid_height(m),speed(m/s),bearing(deg),sat_used,sat_inview,name,desc
T,2022-02-09 07:48:10,47.72847813,18.24831107,45,103.553,44.167,34.560,97,7,10,20220209-084810,GPS Logger: 20220209-084810
T,2022-02-09 07:48:11,47.72844291,18.24876834,49,103.591,44.167,34.550,97,7,9,,
T,2022-02-09 07:48:12,47.72837450,18.24904146,51,107.063,44.167,34.050,97,6,9,,
T,2022-02-09 07:48:13,47.72828637,18.24947777,51,106.837,44.167,33.840,98,6,9,,
T,2022-02-09 07:48:14,47.72825315,18.24991497,66,105.839,44.167,33.720,98,3,8,,
T,2022-02-09 07:48:15,47.72815942,18.25038729,83,105.568,44.168,34.170,98,3,8,,
T,2022-02-09 07:48:16,47.72797671,18.25091037,98,107.231,44.168,35.220,100,4,8,,
T,2022-02-09 07:48:17,47.72795618,18.25137343,92,107.873,44.168,35.180,100,4,8,,
T,2022-02-09 07:48:18,47.72785458,18.25189900,93,110.107,44.168,35.320,100,5,8,,
T,2022-02-09 07:48:19,47.72781693,18.25234249,91,90.930,44.168,35.170,100,5,8,,
T,2022-02-09 07:48:20,47.72775129,18.25280775,90,92.893,44.169,35.210,100,5,8,,
T,2022-02-09 07:48:21,47.72769358,18.25326953,97,93.701,44.169,35.200,100,5,8,,
T,2022-02-09 07:48:22,47.72763540,18.25364059,100,94.030,44.169,34.460,101,5,8,,
T,2022-02-09 07:48:23,47.72757443,18.25409311,92,96.200,44.169,34.180,102,5,8,,
T,2022-02-09 07:48:24,47.72735359,18.25442752,76,97.913,44.169,33.380,104,5,8,,
T,2022-02-09 07:48:25,47.72705953,18.25481915,66,98.836,44.170,34.160,109,6,9,,
T,2022-02-09 07:48:26,47.72685776,18.25532085,62,98.497,44.170,34.770,109,7,9,,
T,2022-02-09 07:48:27,47.72675385,18.25574867,62,99.587,44.171,34.160,109,8,9,,
T,2022-02-09 07:48:28,47.72656735,18.25613501,50,101.638,44.171,34.260,114,8,10,,
T,2022-02-09 07:48:29,47.72653232,18.25657476,48,102.633,44.171,35.230,112,9,10,,
T,2022-02-09 07:48:30,47.72642426,18.25695927,50,102.048,44.171,34.590,113,10,10,,
T,2022-02-09 07:48:31,47.72624086,18.25736212,44,103.228,44.172,34.970,115,10,11,,
T,2022-02-09 07:48:32,47.72614034,18.25772948,45,103.485,44.172,34.000,115,10,12,,
T,2022-02-09 07:48:33,47.72598608,18.25812554,41,106.755,44.172,34.590,115,10,13,,
T,2022-02-09 07:48:34,47.72588215,18.25854288,30,111.427,44.172,34.470,115,11,13,,
T,2022-02-09 07:48:35,47.72568762,18.25899355,29,110.508,44.173,35.870,116,11,13,,
T,2022-02-09 07:48:36,47.72555707,18.25942438,26,112.347,44.173,35.480,115,9,13,,
T,2022-02-09 07:48:37,47.72540340,18.25983194,25,112.471,44.173,34.830,116,9,13,,
T,2022-02-09 07:48:38,47.72529297,18.26026558,20,113.519,44.173,33.420,114,9,13,,
T,2022-02-09 07:48:39,47.72520421,18.26073582,15,108.371,44.174,35.100,117,9,13,,
T,2022-02-09 07:48:40,47.72502751,18.26112490,14,113.414,44.174,35.340,116,9,13,,
T,2022-02-09 07:48:41,47.72489160,18.26155906,13,112.680,44.174,35.490,116,9,13,,
T,2022-02-09 07:48:42,47.72473224,18.26197098,13,112.604,44.175,35.190,116,10,13,,
T,2022-02-09 07:48:43,47.72460254,18.26238693,13,111.528,44.175,35.200,116,10,13,,
T,2022-02-09 07:48:44,47.72447149,18.26281412,14,111.786,44.175,35.150,116,10,13,,
T,2022-02-09 07:48:45,47.72431615,18.26322155,14,111.467,44.175,35.130,117,10,12,,
T,2022-02-09 07:48:46,47.72421222,18.26366736,13,110.870,44.176,35.270,117,9,12,,
T,2022-02-09 07:48:47,47.72406905,18.26406631,13,112.956,44.176,34.730,117,9,12,,
T,2022-02-09 07:48:48,47.72394464,18.26448021,14,113.225,44.176,34.500,116,10,11,,
T,2022-02-09 07:48:49,47.72380071,18.26488909,15,115.956,44.176,34.660,116,10,11,,
T,2022-02-09 07:48:50,47.72370108,18.26534663,17,122.521,44.177,34.690,116,8,11,,
T,2022-02-09 07:48:51,47.72360054,18.26574561,17,120.816,44.177,33.800,117,8,12,,
T,2022-02-09 07:48:52,47.72345607,18.26613470,19,119.667,44.177,33.650,117,9,12,,
T,2022-02-09 07:48:53,47.72329627,18.26657398,19,120.684,44.177,34.750,118,8,13,,
T,2022-02-09 07:48:54,47.72310735,18.26694060,18,120.439,44.178,35.370,120,7,13,,
T,2022-02-09 07:48:55,47.72288618,18.26732765,16,120.299,44.178,35.560,122,7,13,,
T,2022-02-09 07:48:56,47.72270030,18.26771463,16,120.688,44.178,35.160,122,8,13,,
T,2022-02-09 07:48:57,47.72251761,18.26809052,15,121.183,44.179,35.130,123,9,14,,
T,2022-02-09 07:48:58,47.72235070,18.26849142,16,121.179,44.179,35.250,123,9,14,,
T,2022-02-09 07:48:59,47.72215743,18.26885654,16,117.613,44.179,34.960,124,9,14,,
T,2022-02-09 07:49:00,47.72198221,18.26926815,14,118.998,44.180,35.850,126,10,14,,
T,2022-02-09 07:50:08,47.70813807,18.29231946,36,129.510,44.204,33.040,136,6,10,,
T,2022-02-09 07:50:09,47.70790127,18.29258775,39,129.247,44.204,33.020,137,6,10,,
T,2022-02-09 07:50:10,47.70765755,18.29283075,38,129.155,44.205,32.750,139,5,10,,
T,2022-02-09 07:50:11,47.70743730,18.29311835,42,128.991,44.205,32.730,139,6,10,,
T,2022-02-09 07:50:12,47.70719869,18.29332409,43,128.839,44.206,32.300,141,6,10,,
T,2022-02-09 07:50:13,47.70697486,18.29359523,47,128.668,44.206,32.280,141,6,10,,
T,2022-02-09 07:50:14,47.70672378,18.29377211,54,128.853,44.206,32.090,142,4,10,,
T,2022-02-09 07:50:15,47.70641025,18.29400588,48,128.330,44.207,32.500,144,5,10,,
T,2022-02-09 07:50:16,47.70618011,18.29426679,51,128.086,44.207,32.460,144,6,10,,
T,2022-02-09 07:50:17,47.70595345,18.29457837,60,127.525,44.208,32.470,143,5,10,,
T,2022-02-09 07:50:18,47.70568326,18.29483551,64,127.017,44.208,32.570,145,5,11,,
T,2022-02-09 07:50:19,47.70544966,18.29509014,71,126.791,44.208,32.530,145,6,11,,
T,2022-02-09 07:50:20,47.70509794,18.29507555,80,128.266,44.209,32.340,149,6,10,,
T,2022-02-09 07:50:21,47.70477314,18.29528829,87,128.383,44.209,32.770,149,6,10,,
T,2022-02-09 07:50:22,47.70452149,18.29550807,102,128.458,44.210,32.740,149,5,10,,
T,2022-02-09 07:50:23,47.70462562,18.29566687,96,128.117,44.210,30.730,148,5,10,,
T,2022-02-09 07:50:24,47.70439112,18.29587408,113,128.132,44.210,30.670,148,4,10,,
T,2022-02-09 07:50:25,47.70418162,18.29610818,135,128.066,44.210,30.580,148,3,10,,
T,2022-02-09 07:50:26,47.70380551,18.29636719,155,127.936,44.211,31.480,148,3,10,,
T,2022-02-09 07:50:27,47.70351664,18.29662557,149,128.343,44.212,31.830,149,3,10,,
T,2022-02-09 07:50:28,47.70312536,18.29686039,157,128.170,44.212,32.640,150,4,9,,
T,2022-02-09 07:50:29,47.70285873,18.29711907,157,128.040,44.213,32.740,150,4,8,,
T,2022-02-09 07:50:30,47.70261539,18.29727941,151,127.767,44.213,32.490,150,5,7,,
T,2022-02-09 07:50:31,47.70237914,18.29751687,154,127.584,44.213,32.460,150,5,7,,
T,2022-02-09 07:50:32,47.70228609,18.29776833,147,127.594,44.214,31.730,149,5,7,,
T,2022-02-09 07:50:33,47.70241849,18.29773660,127,128.761,44.213,31.310,149,5,7,,
T,2022-02-09 07:50:34,47.70216271,18.29793366,146,128.851,44.214,31.320,149,4,6,,
T,2022-02-09 07:50:35,47.70189887,18.29798681,165,129.106,44.214,31.030,150,4,6,,
T,2022-02-09 07:50:36,47.70160523,18.29822946,184,128.982,44.215,31.350,151,3,6,,
T,2022-02-09 07:50:37,47.70137107,18.29844553,207,128.972,44.215,31.300,150,3,5,,
T,2022-02-09 07:50:38,47.70083006,18.29864030,198,128.449,44.216,33.010,152,3,6,,
T,2022-02-09 07:50:39,47.70045045,18.29904649,175,129.113,44.216,33.780,151,4,6,,
T,2022-02-09 07:50:40,47.70017156,18.29912917,177,129.335,44.217,33.570,153,5,6,,
T,2022-02-09 07:50:41,47.69983665,18.29912611,163,129.211,44.217,33.290,156,5,6,,
T,2022-02-09 07:50:42,47.69992939,18.29915047,142,129.732,44.217,31.020,153,5,6,,
T,2022-02-09 07:50:43,47.69968947,18.29935303,149,129.563,44.218,31.000,152,5,6,,
T,2022-02-09 07:50:44,47.69946189,18.29957977,149,129.381,44.218,30.980,152,5,6,,
T,2022-02-09 07:50:45,47.69908339,18.29989402,153,129.287,44.219,32.250,151,4,6,,
T,2022-02-09 07:50:46,47.69881449,18.30007523,171,129.448,44.219,32.280,151,3,6,,
T,2022-02-09 07:50:47,47.69854749,18.30025682,191,129.454,44.220,32.270,151,3,6,,
T,2022-02-09 07:50:48,47.69827962,18.30042130,194,129.404,44.220,32.310,152,3,5,,
T,2022-02-09 07:50:49,47.69802178,18.30060315,215,129.442,44.220,32.260,152,4,5,,
T,2022-02-09 07:50:50,47.69766591,18.30083540,232,129.470,44.221,32.970,153,4,5,,
T,2022-02-09 07:50:51,47.69736150,18.30104204,176,129.214,44.221,32.930,153,4,6,,
T,2022-02-09 07:50:52,47.69679556,18.30146695,102,132.061,44.222,33.450,154,6,6,,
T,2022-02-09 07:50:53,47.69647055,18.30165673,90,130.396,44.223,33.650,154,6,7,,
T,2022-02-09 07:50:54,47.69607914,18.30164605,59,128.456,44.223,33.770,156,7,8,,
T,2022-02-09 07:50:55,47.69576069,18.30179458,49,127.847,44.224,33.100,156,8,8,,
T,2022-02-09 07:50:56,47.69547217,18.30197716,46,127.781,44.224,32.430,155,8,8,,
T,2022-02-09 07:50:57,47.69517213,18.30215673,41,127.361,44.225,33.010,154,8,8,,
T,2022-02-09 07:50:58,47.69489227,18.30228662,39,127.744,44.225,33.770,155,8,9,,
T,2022-02-09 07:50:59,47.69466738,18.30260170,32,125.033,44.226,33.210,150,9,10,,
T,2022-02-09 07:51:00,47.69450057,18.30284796,31,127.172,44.226,32.350,153,9,10,,
T,2022-02-09 07:51:01,47.69427098,18.30306590,30,127.026,44.226,32.470,152,7,10,,
T,2022-02-09 07:51:02,47.69400822,18.30325380,23,127.726,44.227,32.510,153,7,10,,
T,2022-02-09 07:51:03,47.69371818,18.30340595,23,127.675,44.227,32.640,153,10,10,,
T,2022-02-09 07:51:04,47.69346765,18.30360393,24,127.413,44.228,32.190,153,10,10,,
T,2022-02-09 07:51:05,47.69319422,18.30378269,25,127.640,44.228,32.420,153,9,10,,
T,2022-02-09 07:51:06,47.69293837,18.30398283,26,127.370,44.228,32.350,153,9,10,,
T,2022-02-09 07:51:07,47.69271936,18.30414729,23,129.820,44.229,32.200,153,9,10,,
T,2022-02-09 07:51:08,47.69245374,18.30432417,26,130.602,44.229,32.320,153,10,10,,
T,2022-02-09 07:51:09,47.69217700,18.30451776,30,132.547,44.230,32.600,153,8,10,,
T,2022-02-09 07:51:10,47.69184813,18.30471060,27,129.447,44.230,32.980,154,8,10,,
T,2022-02-09 07:51:11,47.69158344,18.30491915,27,129.676,44.231,33.020,153,8,10,,
T,2022-02-09 07:51:12,47.69127635,18.30511785,26,128.331,44.231,33.030,154,9,10,,
T,2022-02-09 07:51:13,47.69104815,18.30530572,26,129.389,44.231,32.600,153,10,10,,
T,2022-02-09 07:51:14,47.69074835,18.30548683,26,129.725,44.232,32.980,154,9,10,,
T,2022-02-09 07:51:15,47.69052870,18.30567006,26,128.666,44.232,31.470,153,9,10,,
T,2022-02-09 07:51:16,47.69027203,18.30585973,28,128.586,44.233,31.790,153,8,10,,
T,2022-02-09 07:51:17,47.68999881,18.30603011,29,128.237,44.233,32.240,153,8,10,,
T,2022-02-09 07:51:18,47.68974154,18.30626249,31,127.642,44.233,32.330,152,7,10,,
T,2022-02-09 07:51:19,47.68955048,18.30649766,31,129.772,44.234,32.210,150,7,10,,
T,2022-02-09 07:51:20,47.68928539,18.30670358,35,130.180,44.234,32.330,151,7,10,,
T,2022-02-09 07:51:21,47.68902674,18.30693671,34,130.297,44.235,32.590,150,7,10,,
T,2022-02-09 07:51:22,47.68877455,18.30715033,36,130.417,44.235,32.970,149,9,10,,
T,2022-02-09 07:51:23,47.68848493,18.30734641,34,131.249,44.235,33.290,150,9,11,,
T,2022-02-09 07:51:24,47.68826663,18.30765015,32,131.136,44.236,33.240,147,9,11,,
T,2022-02-09 07:51:25,47.68811084,18.30797604,25,130.139,44.236,32.820,145,9,11,,
T,2022-02-09 07:51:26,47.68792370,18.30827813,23,130.480,44.236,32.740,145,8,11,,
T,2022-02-09 07:51:27,47.68759367,18.30854000,24,133.533,44.237,33.880,145,8,11,,
T,2022-02-09 07:51:28,47.68733622,18.30876637,27,133.534,44.237,33.400,146,6,11,,
T,2022-02-09 07:51:29,47.68715991,18.30907499,29,135.408,44.237,33.230,145,7,11,,
T,2022-02-09 07:51:30,47.68692048,18.30932695,35,135.039,44.238,33.330,146,6,11,,
T,2022-02-09 07:51:31,47.68662719,18.30962743,31,135.730,44.238,33.950,146,6,11,,
T,2022-02-09 07:51:32,47.68637743,18.30988474,31,135.299,44.239,33.990,146,8,11,,
T,2022-02-09 07:51:33,47.68610724,18.31012404,30,134.740,44.239,33.990,146,9,11,,
T,2022-02-09 07:51:34,47.68583454,18.31039074,32,136.387,44.239,34.350,146,9,11,,
T,2022-02-09 07:51:35,47.68559128,18.31065213,36,136.242,44.240,34.120,145,8,11,,
T,2022-02-09 07:51:36,47.68530124,18.31095953,34,136.950,44.240,34.700,146,8,11,,
T,2022-02-09 07:51:37,47.68502799,18.31116816,32,137.624,44.241,36.020,146,7,11,,
T,2022-02-09 07:51:38,47.68471463,18.31151692,28,138.173,44.241,35.790,145,6,11,,
T,2022-02-09 07:51:39,47.68444989,18.31177013,27,139.166,44.242,35.850,145,6,11,,
T,2022-02-09 07:51:40,47.68417346,18.31203726,31,138.937,44.242,35.940,146,7,10,,
T,2022-02-09 07:51:41,47.68391226,18.31232656,36,138.116,44.242,35.840,145,7,11,,
T,2022-02-09 07:51:42,47.68365787,18.31261679,31,138.287,44.243,35.450,144,8,12,,
T,2022-02-09 07:51:43,47.68338847,18.31288450,30,137.234,44.243,35.460,145,9,11,,
T,2022-02-09 07:51:44,47.68301301,18.31312381,30,137.484,44.244,36.220,146,9,11,,
T,2022-02-09 07:51:45,47.68276661,18.31338474,32,136.647,44.244,35.910,146,9,12,,
T,2022-02-09 07:51:46,47.68249919,18.31362603,32,136.862,44.245,35.430,146,9,12,,
T,2022-02-09 07:51:47,47.68222510,18.31389904,29,136.332,44.245,35.400,145,10,12,,
T,2022-02-09 07:51:48,47.68198787,18.31402638,23,140.876,44.245,34.650,146,9,12,,
T,2022-02-09 07:51:49,47.68173021,18.31429023,28,140.801,44.246,34.330,145,7,11,,
T,2022-02-09 07:51:50,47.68147753,18.31454789,33,140.623,44.246,34.300,145,7,11,,
T,2022-02-09 07:51:51,47.68121118,18.31481894,34,141.160,44.247,34.430,145,7,11,,
T,2022-02-09 07:51:52,47.68103547,18.31505082,34,140.673,44.247,34.300,145,8,11,,
T,2022-02-09 07:51:53,47.68083055,18.31529932,36,134.347,44.247,33.660,145,9,11,,
T,2022-02-09 07:51:54,47.68056263,18.31545998,37,135.294,44.248,33.060,145,9,11,,
T,2022-02-09 07:51:55,47.68033406,18.31564013,34,134.550,44.248,33.090,146,7,11,,
T,2022-02-09 07:51:56,47.68006321,18.31589123,36,134.263,44.248,33.810,147,7,11,,
T,2022-02-09 07:51:57,47.67982871,18.31612024,39,133.604,44.249,33.120,147,7,11,,
T,2022-02-09 07:51:58,47.67954078,18.31646443,39,133.618,44.249,34.720,146,7,11,,
T,2022-02-09 07:51:59,47.67928958,18.31671865,42,133.535,44.249,33.980,146,7,11,,
T,2022-02-09 07:52:00,47.67908873,18.31697836,44,133.273,44.250,33.780,146,7,10,,
T,2022-02-09 07:52:01,47.67878187,18.31724619,45,133.580,44.250,34.490,146,8,9,,
T,2022-02-09 07:52:02,47.67857803,18.31748417,41,134.092,44.251,33.830,146,8,9,,
T,2022-02-09 07:52:03,47.67829475,18.31770308,38,134.420,44.251,34.030,147,8,9,,
T,2022-02-09 07:52:04,47.67801590,18.31794987,37,134.932,44.251,34.190,147,9,9,,
T,2022-02-09 07:52:05,47.67779342,18.31820107,38,134.968,44.252,33.870,146,9,9,,
T,2022-02-09 07:52:06,47.67758386,18.31847371,34,135.895,44.252,33.750,144,9,9,,
T,2022-02-09 07:52:07,47.67735317,18.31870836,35,136.162,44.252,33.410,144,7,9,,
T,2022-02-09 07:52:08,47.67711534,18.31896689,36,136.017,44.253,33.480,145,7,9,,
T,2022-02-09 07:52:09,47.67679819,18.31914880,37,136.856,44.253,34.110,148,8,10,,
T,2022-02-09 07:52:10,47.67654867,18.31944221,36,137.875,44.254,34.150,147,7,10,,
T,2022-02-09 07:52:11,47.67625392,18.31972511,38,136.977,44.254,34.130,146,8,10,,
T,2022-02-09 07:52:12,47.67605174,18.31997070,43,137.044,44.254,33.740,147,8,10,,
T,2022-02-09 07:52:13,47.67583577,18.32026473,39,137.375,44.255,33.580,146,8,10,,
T,2022-02-09 07:52:14,47.67559769,18.32048791,41,137.307,44.255,32.970,146,8,10,,
T,2022-02-09 07:52:15,47.67537655,18.32076889,43,137.515,44.255,33.230,145,8,10,,
T,2022-02-09 07:52:16,47.67511212,18.32105847,43,137.920,44.256,33.170,145,8,10,,
T,2022-02-09 07:52:17,47.67488870,18.32128265,45,137.907,44.256,32.780,145,8,10,,
T,2022-02-09 07:52:18,47.67464481,18.32153519,50,138.094,44.256,32.900,145,7,10,,
T,2022-02-09 07:52:19,47.67437664,18.32177252,52,138.123,44.257,33.190,146,7,10,,
T,2022-02-09 07:52:20,47.67418997,18.32211485,47,139.029,44.257,33.160,146,7,10,,
T,2022-02-09 07:52:21,47.67398810,18.32237901,50,138.930,44.257,32.860,145,7,10,,
T,2022-02-09 07:52:22,47.67374515,18.32262024,55,138.824,44.258,32.760,146,6,10,,
T,2022-02-09 07:52:23,47.67347848,18.32292440,54,139.230,44.258,33.190,145,6,10,,
T,2022-02-09 07:52:24,47.67323832,18.32319842,58,138.344,44.258,33.110,145,6,10,,
T,2022-02-09 07:52:25,47.67301029,18.32345255,64,138.007,44.259,33.050,145,7,10,,
T,2022-02-09 07:52:26,47.67276078,18.32370604,70,138.188,44.259,33.070,145,7,10,,
T,2022-02-09 07:52:27,47.67254128,18.32387506,67,138.422,44.259,31.750,146,7,10,,
T,2022-02-09 07:52:28,47.67230332,18.32403274,59,138.893,44.260,31.400,149,6,10,,
T,2022-02-09 07:52:29,47.67205740,18.32418746,62,138.967,44.260,31.190,151,7,10,,
T,2022-02-09 07:52:30,47.67178955,18.32448187,63,137.915,44.261,31.410,152,6,9,,
T,2022-02-09 07:52:31,47.67154175,18.32468067,70,137.838,44.261,31.390,152,5,9,,
T,2022-02-09 07:52:32,47.67130752,18.32481166,72,137.682,44.261,30.900,153,5,9,,
T,2022-02-09 07:52:33,47.67104187,18.32497763,70,137.771,44.262,30.900,152,6,9,,
T,2022-02-09 07:52:34,47.67074305,18.32515163,72,137.646,44.262,31.180,152,5,8,,
T,2022-02-09 07:52:35,47.67049554,18.32534423,86,137.594,44.263,31.160,152,4,8,,
T,2022-02-09 07:52:36,47.67024831,18.32553667,102,139.018,44.263,31.140,152,4,8,,
T,2022-02-09 07:52:37,47.67006598,18.32573541,101,139.042,44.263,30.700,152,4,9,,
T,2022-02-09 07:52:38,47.66983319,18.32565618,91,139.009,44.263,29.270,155,4,9,,
T,2022-02-09 07:52:39,47.66955777,18.32583437,80,139.329,44.264,29.510,154,6,10,,
T,2022-02-09 07:52:40,47.66934953,18.32603274,82,139.031,44.264,29.290,153,6,10,,
T,2022-02-09 07:52:41,47.66913733,18.32619810,76,139.264,44.265,29.110,153,5,11,,
T,2022-02-09 07:52:42,47.66901243,18.32626131,71,142.093,44.265,26.950,155,7,11,,
T,2022-02-09 07:52:43,47.66881431,18.32640970,71,143.600,44.265,26.990,155,7,11,,
T,2022-02-09 07:52:44,47.66867776,18.32640602,71,143.392,44.265,25.270,158,6,11,,
T,2022-02-09 07:52:45,47.66846915,18.32655600,70,143.379,44.266,24.300,160,5,11,,
T,2022-02-09 07:52:46,47.66795492,18.32658924,68,142.219,44.266,25.240,166,6,11,,
T,2022-02-09 07:52:47,47.66767004,18.32658915,66,141.806,44.267,25.610,168,7,10,,
T,2022-02-09 07:52:48,47.66766027,18.32668357,57,143.131,44.267,24.780,166,6,10,,
T,2022-02-09 07:52:49,47.66749258,18.32676348,53,143.151,44.267,23.790,166,7,10,,
T,2022-02-09 07:52:50,47.66726699,18.32683245,46,143.416,44.267,24.490,167,7,10,,
T,2022-02-09 07:52:51,47.66700998,18.32688759,44,142.433,44.268,23.890,167,8,10,,
T,2022-02-09 07:52:52,47.66692572,18.32699402,24,144.114,44.268,20.820,165,7,10,,
T,2022-02-09 07:52:53,47.66673207,18.32701155,18,143.854,44.268,19.550,167,7,10,,
T,2022-02-09 07:52:54,47.66662893,18.32700921,17,145.822,44.268,17.980,173,7,10,,
T,2022-02-09 07:52:55,47.66641438,18.32703849,17,146.137,44.269,18.300,169,7,10,,
T,2022-02-09 07:52:56,47.66627087,18.32710630,16,146.162,44.269,16.600,166,7,9,,
T,2022-02-09 07:52:57,47.66616169,18.32718163,16,148.066,44.269,17.000,166,7,10,,
T,2022-02-09 07:52:58,47.66602112,18.32721058,18,149.804,44.269,16.920,167,10,10,,
T,2022-02-09 07:52:59,47.66589377,18.32726530,17,149.891,44.269,16.340,166,10,10,,
T,2022-02-09 07:53:00,47.66577821,18.32731110,19,150.656,44.270,15.730,165,10,10,,
T,2022-02-09 07:53:01,47.66567240,18.32734458,20,151.639,44.270,14.190,164,9,11,,
T,2022-02-09 07:53:02,47.66556532,18.32740262,22,152.853,44.270,14.200,163,10,11,,
T,2022-02-09 07:53:03,47.66545356,18.32747415,20,153.089,44.270,12.980,162,10,11,,
T,2022-02-09 07:53:04,47.66534058,18.32750933,21,153.301,44.270,13.300,164,7,11,,
T,2022-02-09 07:53:05,47.66522938,18.32754387,24,153.297,44.270,13.250,165,7,11,,
T,2022-02-09 07:53:06,47.66511168,18.32754570,27,154.485,44.271,13.210,169,7,11,,
T,2022-02-09 07:53:07,47.66499436,18.32758475,32,153.796,44.271,13.220,169,8,11,,
T,2022-02-09 07:53:08,47.66487824,18.32761910,37,153.974,44.271,13.220,168,6,11,,
T,2022-02-09 07:53:09,47.66478456,18.32765012,40,154.164,44.271,12.750,166,6,11,,
T,2022-02-09 07:53:10,47.66467295,18.32770394,44,154.205,44.271,12.760,166,5,11,,
T,2022-02-09 07:53:11,47.66463327,18.32772197,45,153.760,44.271,11.560,166,5,11,,
T,2022-02-09 07:53:12,47.66453295,18.32776048,47,153.901,44.271,11.550,166,7,11,,
T,2022-02-09 07:53:13,47.66471376,18.32759478,41,153.336,44.271,7.290,175,6,11,,
T,2022-02-09 07:53:14,47.66466895,18.32759633,42,153.575,44.271,6.940,174,7,11,,
T,2022-02-09 07:53:15,47.66463576,18.32766925,42,153.868,44.271,6.670,168,7,11,,
T,2022-02-09 07:53:16,47.66458347,18.32767656,40,153.734,44.271,6.280,167,6,11,,
T,2022-02-09 07:53:17,47.66460625,18.32761810,39,153.650,44.271,4.950,175,6,11,,
T,2022-02-09 07:53:18,47.66458505,18.32766306,36,154.412,44.271,3.100,179,5,10,,
T,2022-02-09 07:53:19,47.66460656,18.32757598,30,153.886,44.271,2.870,194,5,10,,
T,2022-02-09 07:53:20,47.66462993,18.32756117,29,154.149,44.271,2.210,197,6,9,,
T,2022-02-09 07:53:21,47.66473440,18.32775711,25,153.356,44.271,2.170,81,5,9,,
T,2022-02-09 07:53:22,47.66473391,18.32769347,20,153.780,44.271,0.250,14,6,9,,
T,2022-02-09 07:53:23,47.66474924,18.32767556,19,153.937,44.271,0.230,268,6,8,,
T,2022-02-09 07:53:24,47.66476110,18.32766808,17,153.803,44.271,0.730,191,6,8,,
